Genero	1	4	8	10	13	16	17	18	19	20	21	22	23	24	25	26	27	28
21f08_unclassified	0	0.613873542	1.908396947	2.96735905	5.586592179	22.3880597	0	0	0	0	0	0	0	0	0	0	0	0
34P16_unclassified	0	0	0	0	0	0	0	0	0	14.15487094	6.651017214	6.916192026	4.791566842	2.1893815	1.034126163	3.642250101	3.338278932	7.296607078
4-29_unclassified	46.62283323	11.04972376	32.91984733	37.83382789	4.655493482	14.24694708	19.69932608	18.19052178	28.51941748	0	0	0	0	0	0	0	0	0
4-Org1-14_unclassified	2.988643156	17.80233272	3.339694656	0	0.931098696	0	0.518403318	0.478697942	0.606796117	1.665278934	1.564945227	0.406834825	0	0	0	0.404694456	0.370919881	0
43F-1404R_unclassified	209.2050209	196.4395335	119.2748092	50.44510386	32.58845438	158.07327	132.192846	46.91239828	138.3495146	0	0	0	16.77048395	12.04159825	27.40434333	0	0	0
480-2_unclassified	6.575014943	31.30755064	20.03816794	8.160237389	5.586592179	46.81139756	19.18092276	17.2331259	24.27184466	14.15487094	56.33802817	37.83563873	45.519885	67.87082649	111.6856256	8.498583569	20.77151335	21.16016053
64K2_unclassified	7.172743574	3.683241252	3.339694656	0	0	0	5.184033178	0.478697942	0	0	0	0	0	0	0	0	0	0
9B-04_unclassified	0	0	6.202290076	1.483679525	0	2.713704206	2.073613271	0	0	0	0	0	0	3.28407225	0	0.404694456	0.741839763	0.729660708
9M32_unclassified	6.575014943	1.227747084	0.477099237	11.8694362	178.7709497	33.24287653	0	7.659167066	1.213592233	0	0	0	0	0	0	0	0	0
ABS-19_unclassified	22.11595935	6.138735421	25.28625954	0	2.793296089	2.713704206	77.24209435	33.98755385	82.52427184	0.832639467	1.17370892	10.98454028	5.749880211	2.736726875	12.92657704	7.689194658	6.676557864	8.755928493
Acetivibrio	0	0.613873542	0.477099237	1.483679525	0	3.392130258	0.518403318	0.957395883	0	3.330557868	1.956181534	2.034174125	0.958313368	2.1893815	0	0	0	0.729660708
Acetobacteraceae_unclassified	1.195457262	0	0.954198473	0.741839763	10.24208566	5.427408412	0	0.478697942	2.427184466	0	0	1.220504475	0	0	0	0	0	0
Acetothermia_unclassified	0	0	0	0	0	0	0.518403318	0	0	0.832639467	0.782472613	2.034174125	2.395783421	0.547345375	1.034126163	0.404694456	2.225519288	2.553812477
Acidimicrobiales_unclassified	40.04781829	63.84284837	26.71755725	25.22255193	27.0018622	16.96065129	29.54898911	15.31833413	39.44174757	16.23646961	20.73552426	15.86655818	67.08193579	94.14340449	43.95036194	18.21125051	18.54599407	36.11820503
Acidiphilium	2.988643156	0	2.385496183	7.418397626	13.03538175	7.462686567	0	0	0	0	0	0	0	0	0	0	0	0
Acidobacterium	0	0	0.477099237	40.80118694	6.517690875	9.497964722	0	0	0	0	0	0	0	0	0	0	0	0
Acidothermus	0	0	0	3.709198813	1.862197393	39.34871099	0	0	0	1.665278934	1.17370892	6.102522376	0	0	0	0	0	0
Acinetobacter	5.977286312	7.366482505	1.43129771	0	1.862197393	0.678426052	0.518403318	11.01005266	0.606796117	0.832639467	0	0	0	0.547345375	0.517063082	0.404694456	0.741839763	0.364830354
Actibacter	4.78182905	0.613873542	0	0	0	0	0	0	0	6.661115737	6.259780908	3.661513426	0.958313368	0	0	0	0	2.918642831
Actinobacteria_unclassified	357.4417215	435.8502149	172.7099237	60.83086053	32.58845438	109.2265943	375.8424054	43.08281474	62.5	11.84101223	113.0672926	61.43205858	314.3267849	103.4482759	75.49120993	76.08255767	86.05341246	246.6253192
Actinomadura	0.597728631	1.841620626	2.385496183	0	0	0	15.03369622	2.393489708	0	0	0	0	0	0	0	0	0	0
Actinomycetospora	0	3.06936771	0	0	0	0.678426052	3.110419907	1.436093825	7.281553398	0	0.391236307	0	0.958313368	0	1.034126163	0	0.370919881	2.188982123
Actinopolyspora	7.172743574	2.455494168	2.385496183	0.741839763	1.862197393	38.67028494	12.44167963	15.31833413	16.99029126	0	1.956181534	0	0	1.09469075	1.034126163	0	0	0.364830354
Aestuariibaculum	8.965929468	3.06936771	4.770992366	0.741839763	0	0.678426052	0	0	0	1.248959201	1.564945227	1.220504475	1.916626737	0.547345375	0	0	0	0
Afifella	0	3.683241252	0.477099237	0	0	0	0	0	0.606796117	13.73855121	10.95461659	7.729861676	13.89554384	2.1893815	12.92657704	2.428166734	0	2.918642831
AKIW659_unclassified	0	0	1.43129771	13.35311573	64.24581006	1.356852103	0.518403318	2.87218765	9.101941748	0	0	0	0	0	0	0	0	0
AKYG1722_unclassified	10.75911536	24.55494168	34.82824427	1.483679525	0	0	147.2265422	99.56917185	98.30097087	10.40799334	13.30203443	4.475183076	12.45807379	15.3256705	4.136504654	8.093889114	8.160237389	21.16016053
Alcanivorax	118.9479976	15.96071209	10.49618321	0	0	2.713704206	2.592016589	0	0	6.244796003	8.215962441	4.882017901	0.479156684	1.09469075	0	1.618777823	0	0
Algisphaera	1.195457262	2.455494168	1.908396947	0.741839763	0	4.070556309	5.184033178	0	0	0	0	0	0.479156684	0	1.551189245	0	2.225519288	0
Algoriphagus	19.1273162	12.89134438	7.15648855	8.902077151	5.586592179	6.105834464	1.036806636	11.4887506	2.427184466	0.832639467	0	0.406834825	0	0.547345375	0.517063082	0	0.370919881	0
Alkaliphilus	1.793185894	0	1.43129771	0.741839763	0	0	10.88646967	1.436093825	1.213592233	0.832639467	2.738654147	2.44100895	2.874940105	12.58894362	3.10237849	1.214083367	4.821958457	5.107624954
Alphaproteobacteria_unclassified	126.7184698	151.6267649	122.1374046	113.5014837	135.9404097	310.0407056	144.1161223	76.59167066	98.30097087	260.6161532	312.2065728	227.0138324	211.7872544	189.3814997	230.0930714	282.8814245	274.4807122	296.6070777
Altererythrobacter	11.35684399	2.455494168	2.86259542	7.418397626	22.34636872	4.748982361	0	3.829583533	1.213592233	20.81598668	28.16901408	25.63059398	5.270723527	3.831417625	0	3.237555645	5.192878338	14.59321416
Anaerobacillus	0	0	6.202290076	0	0.931098696	0	7.776049767	5.265677358	0.606796117	0.416319734	0	0	1.916626737	3.28407225	1.034126163	0	0.370919881	0
Anaerobacterium	0	0	0	0.741839763	0.931098696	0	2.592016589	1.914791766	4.247572816	0.416319734	0	0.406834825	0	0	0	0	0	0
Anaerolinea	1.195457262	4.297114794	2.385496183	22.99703264	84.72998138	26.45861601	3.110419907	24.41359502	23.66504854	0	0	0.406834825	0	0.547345375	0	0	0	0
Anaerolineaceae_unclassified	573.819486	402.08717	883.110687	1129.821958	1781.191806	2178.426052	1040.953862	886.0698899	1167.475728	297.6686095	226.5258216	255.899105	72.831816	35.030104	88.41778697	136.786726	96.43916914	85.73513316
Anaeromyxobacter	11.95457262	9.821976673	31.48854962	34.12462908	19.55307263	10.85481682	12.44167963	22.02010531	35.19417476	0.416319734	1.564945227	0	0.479156684	2.736726875	0	0.404694456	0	0
Anderseniella	4.184100418	9.208103131	3.339694656	2.96735905	0	0	0.518403318	1.914791766	0	7.493755204	7.042253521	0.406834825	0.958313368	1.642036125	0	0.404694456	1.483679525	2.188982123
Arcobacter	8.965929468	8.594229589	8.58778626	3.709198813	8.379888268	12.89009498	0.518403318	4.308281474	4.247572816	0	0	0	0	0	0	0	0	0
Ardenticatena	394.5008966	7.366482505	169.370229	0	0	0	23.3281493	4.786979416	1.82038835	0	0	0	0	0	0	0	0	0
Ardenticatenia_unclassified	312.6120741	306.3228975	310.5916031	390.2077151	521.41527	489.8236092	361.8455158	616.0842508	917.4757282	89.09242298	48.51330203	46.78600488	30.18687111	15.87301587	86.86659772	131.9303926	219.2136499	54.72455308
Armatimonadetes_unclassified	4.78182905	2.455494168	10.97328244	104.5994065	95.90316574	8.81953867	49.76671851	27.28578267	50.36407767	25.81182348	4.303599374	10.98454028	0.479156684	0	4.653567735	2.023472278	2.225519288	1.094491062
AT-s3-44_unclassified	0.597728631	1.841620626	2.86259542	2.96735905	1.862197393	0.678426052	0	0	0	6.244796003	5.477308294	5.288852726	0	0	2.068252327	19.83002833	36.72106825	4.742794601
AT425-EubC11_terrestrial_group_unclassified	5.379557681	9.208103131	8.110687023	0.741839763	0	0	13.47848626	15.79703207	12.13592233	0	0	0	0	1.09469075	0	0	0	0
Aurantimonadaceae_unclassified	16.73640167	41.74340086	9.064885496	31.89910979	175.9776536	50.20352782	6.220839813	17.2331259	51.5776699	2.497918401	0	6.916192026	1.437470053	1.09469075	1.034126163	0.404694456	0.741839763	0.729660708
Bacillaceae_unclassified	51.40466228	55.86249233	117.8435115	57.86350148	89.38547486	43.4192673	150.3369622	108.1857348	106.1893204	20.39966694	23.86541471	11.79820993	109.247724	438.4236453	66.70113754	38.44597329	37.83382789	177.307552
Bacillales_unclassified	0.597728631	0.613873542	2.385496183	0.741839763	0.931098696	0	3.628823224	0.957395883	3.033980583	0.832639467	0.782472613	0.406834825	8.624820316	25.17788725	13.44364012	6.475111291	5.56379822	15.32287486
Bacilli_unclassified	3.586371787	6.138735421	40.55343511	2.225519288	0.931098696	1.356852103	14.5152929	3.829583533	10.31553398	5.412156536	8.607198748	6.509357201	30.18687111	94.69074986	24.30196484	9.307972481	14.46587537	19.70083911
Bacillus	40.04781829	60.77348066	166.5076336	43.02670623	67.03910615	62.41519674	224.9870399	149.8324557	237.8640777	39.13405495	48.12206573	19.12123678	245.3282223	695.6759715	160.8066184	105.6252529	81.23145401	195.9139
Bacteria_unclassified	2428.571429	803.5604665	1486.164122	212.1661721	331.4711359	288.3310719	1522.032141	647.678315	630.461165	332.6394671	296.9483568	274.6135069	169.1423095	209.0859332	276.6287487	374.747066	499.6290801	232.7617658
Bacteroidetes_BD2-2_unclassified	0	3.06936771	0	4.451038576	0.931098696	0	0	10.53135472	7.281553398	36.63613655	39.90610329	26.44426363	2.874940105	9.852216749	4.653567735	17.80655605	15.9495549	18.24151769
Bacteroidetes_unclassified	28.09324567	41.74340086	6.202290076	8.160237389	40.96834264	24.42333786	2.592016589	26.80708473	23.66504854	86.17818485	87.2456964	79.73962571	57.49880211	32.29337712	35.67735264	68.39336301	77.89317507	111.2732579
Bauldia	35.86371787	41.12952732	22.42366412	8.160237389	70.76350093	14.92537313	41.99066874	16.27573001	3.033980583	42.88093256	53.59937402	65.09357201	80.49832295	70.06020799	104.9638056	27.11452853	61.5727003	24.44363371
BD1-7_clade	0	0	0	0	0	0	0	0	0	2.497918401	1.956181534	0.406834825	0	0	0	2.83286119	1.112759644	0.729660708
BD2-11_terrestrial_group_unclassified	724.447101	465.3161449	296.278626	317.5074184	748.603352	527.8154681	926.9051322	616.5629488	691.7475728	346.7943381	308.685446	408.8689992	184.4753234	213.4646962	266.8045502	259.8138406	278.189911	207.223641
BD7-8_marine_group_unclassified	0	0	0	0	0	0	0	0	0.606796117	6.661115737	2.738654147	2.44100895	0.958313368	0	6.20475698	14.97369486	8.902077151	10.58008026
Bdellovibrio	0.597728631	0	0.477099237	0	6.517690875	2.035278155	0	3.350885591	3.033980583	0.832639467	2.34741784	0.406834825	0.479156684	1.642036125	0.517063082	0.809388911	0	0.364830354
Betaproteobacteria_unclassified	0	0	0	0	0	0	0	0	0	3.746877602	2.738654147	15.05288853	0.479156684	0	3.619441572	0	0	0
BG.g7_unclassified	1.195457262	0	1.43129771	24.48071217	35.38175047	3.392130258	5.702436496	14.83963619	4.247572816	4.995836803	1.564945227	2.847843775	0	0	0	0.404694456	1.112759644	0
BIrii41_unclassified	10.16138673	20.87170043	17.17557252	19.28783383	25.1396648	47.48982361	51.32192846	10.05265677	3.640776699	40.38301415	21.90923318	22.7827502	11.97891711	14.23097975	13.96070321	24.28166734	15.9495549	14.95804451
BJGMM-U27_unclassified	0	0	0	0	0	0	0	0	0	0	1.564945227	0	0	0	0.517063082	14.97369486	11.8694362	5.107624954
Blastopirellula	1.195457262	1.841620626	3.339694656	0	0	0.678426052	2.073613271	1.914791766	1.213592233	8.326394671	12.91079812	8.543531326	27.311931	31.74603175	9.824198552	10.52205585	8.160237389	21.88982123
Blfdi19_unclassified	0	27.62430939	22.90076336	0	0	0	0	0	0	7.910074938	19.95305164	15.45972335	10.54144705	30.10399562	42.3991727	4.856333468	8.53115727	6.202116016
Brassicibacter	1.793185894	0.613873542	38.64503817	4.451038576	0.931098696	7.462686567	25.92016589	7.659167066	7.281553398	5.82847627	7.824726135	2.034174125	0	0.547345375	0.517063082	8.903278025	5.192878338	8.391098139
Bryobacter	14.34548715	4.297114794	10.97328244	17.8041543	363.1284916	34.59972863	11.40487299	2.393489708	9.708737864	0	0	0	0	0	0	0	0	0
BSV26_unclassified	0.597728631	0.613873542	0	2.96735905	21.41527002	3.392130258	0	0	0	0	0	0	0	0	0	0.809388911	0	0
Bythopirellula	1.195457262	0.613873542	0.477099237	0	0.931098696	0	0	0	0	8.326394671	13.69327074	4.882017901	43.60325827	59.11330049	25.336091	15.37838932	12.61127596	32.4699015
C1-B045	10.16138673	6.138735421	0.954198473	0	0	0.678426052	1.555209953	15.79703207	17.59708738	1.248959201	5.477308294	2.847843775	0.479156684	1.09469075	7.238883144	0	5.56379822	0.729660708
CA002_unclassified	0	0	0	0	0	0	0	0.478697942	0	3.330557868	7.433489828	6.102522376	0	1.09469075	0	10.11736139	8.902077151	3.283473185
Caldilineaceae_unclassified	550.5080693	262.1240025	1111.641221	367.2106825	152.7001862	632.9715061	1465.526179	1151.747247	1585.558252	343.4637802	357.9812207	243.6940602	255.8696694	308.1554461	148.9141675	306.7583974	300.074184	568.040861
Caldithrix	3.586371787	7.366482505	0.954198473	51.18694362	4.655493482	16.96065129	5.184033178	0.957395883	0.606796117	80.34970858	44.60093897	56.14320586	9.583133685	7.115489874	40.84798345	42.49291785	32.27002967	16.41736592
Caminicella	8.965929468	7.980356047	69.65648855	5.192878338	52.141527	16.96065129	66.87402799	66.06031594	14.5631068	34.97085762	68.46635368	48.41334418	43.12410158	73.89162562	89.96897622	25.09105625	18.17507418	37.2126961
Candidatus_Alysiosphaera	0.597728631	0.613873542	5.248091603	4.451038576	0	1.356852103	0.518403318	4.786979416	1.82038835	3.746877602	5.086071987	1.220504475	2.395783421	4.378762999	0.517063082	2.023472278	1.112759644	2.188982123
Candidatus_Entotheonella	224.7459653	248.6187845	140.7442748	86.79525223	1.862197393	123.4735414	203.2141006	66.06031594	40.04854369	11.65695254	15.25821596	15.45972335	148.0594154	273.6726875	182.5232678	42.49291785	48.21958457	28.09193725
Candidatus_Fritschea	0	4.910988336	0	0	2.793296089	0.678426052	2.073613271	0	0	0	0	1.220504475	0	0	0	0.404694456	0	0
Candidatus_Koribacter	0	0	1.908396947	126.8545994	261.6387337	66.48575305	0	0	0	0	0	0	0	0	0	0	0	0
Candidatus_Microthrix	0	0.613873542	0.477099237	0.741839763	0	0	0	0	0	1.665278934	1.564945227	0.81366965	1.916626737	0	0	8.903278025	1.854599407	4.377964247
Candidatus_Solibacter	2.390914525	0	2.86259542	103.8575668	42.83054004	76.66214383	0.518403318	13.40354236	15.77669903	0	0	0	0	0	0	0	0	0
Candidatus_Thiobios	1.195457262	0.613873542	0	0.741839763	0	0	0	0	0	2.081598668	1.564945227	0.81366965	0.479156684	2.1893815	4.653567735	4.046944557	2.96735905	3.283473185
CCM11a_unclassified	22.11595935	10.43585021	23.3778626	2.225519288	9.310986965	4.070556309	17.10730949	20.10531355	10.31553398	22.06494588	14.08450704	21.56224573	4.312410158	5.473453749	17.58014478	10.11736139	14.83679525	4.742794601
Cellvibrionaceae_unclassified	0	0.613873542	1.43129771	0.741839763	13.03538175	0.678426052	5.184033178	0	0	37.88509575	20.73552426	19.93490643	5.749880211	0	0	14.97369486	10.38575668	10.21524991
Cellvibrionales_unclassified	0	0	0	0	0	0	0	0	0	0	2.34741784	0.81366965	2.874940105	0	0.517063082	0	2.225519288	0
Chlamydiales_unclassified	5.379557681	7.366482505	2.86259542	0	0	2.713704206	6.220839813	19.62661561	2.427184466	7.493755204	7.042253521	12.61187958	16.77048395	26.81992337	30.50672182	11.33144476	8.902077151	6.931776724
Chlorobaculum	0	0	0	0	0	0	0	0	0	2.914238135	26.99530516	9.357200976	0	0	0	0	0	0
Chloroflexi_unclassified	188.2845188	62.00122775	286.7366412	188.4272997	160.1489758	261.1940299	217.7293935	221.637147	249.3932039	29.55870108	19.95305164	21.1554109	5.270723527	0	9.307135471	13.35491704	14.46587537	8.391098139
Chromatiaceae_unclassified	0	0	0	0	0	0	0	0	0.606796117	14.15487094	15.25821596	4.475183076	0	0.547345375	0	11.73613921	7.418397626	18.9711784
Chromatiales_unclassified	0.597728631	0.613873542	0.477099237	10.38575668	13.96648045	3.392130258	0	0.478697942	0.606796117	13.32223147	4.694835681	7.323026851	1.916626737	1.09469075	2.585315408	7.284500202	1.854599407	2.553812477
Chthoniobacterales_unclassified	0	0	0	0	0	0	0	0	0	0	0	0	5.749880211	8.210180624	7.238883144	0	0	0
Chthonomonadales_unclassified	4.184100418	3.06936771	0	2.96735905	0	0	0	0.957395883	4.854368932	0	0	0	0	0	0	0	0	0
CL500-3	19.72504483	23.94106814	0.954198473	8.160237389	7.448789572	3.392130258	1.555209953	2.393489708	0	0	0	0	0	0	0	0	0	0
Clostridia_unclassified	12.55230126	75.50644567	9.541984733	1.483679525	0.931098696	0.678426052	7.257646449	2.87218765	0.606796117	0.416319734	1.564945227	0	0.479156684	2.1893815	1.034126163	2.023472278	7.047477745	3.283473185
Clostridiaceae_1_unclassified	1.195457262	0	5.72519084	0.741839763	13.96648045	12.89009498	5.184033178	33.98755385	9.101941748	0.832639467	0.782472613	1.6273393	2.874940105	0	2.068252327	0	0	0
Clostridiaceae_3_unclassified	0.597728631	0.613873542	10.01908397	0	1.862197393	0	7.257646449	10.53135472	1.213592233	0.832639467	3.912363067	2.44100895	0	1.642036125	0	3.237555645	1.854599407	3.283473185
Clostridiaceae_4_unclassified	0.597728631	0	0	0	0	0	0.518403318	0.478697942	0	0.832639467	1.956181534	0.81366965	0.958313368	0	0	5.261027924	2.96735905	2.553812477
Clostridiales_unclassified	39.45008966	10.43585021	27.67175573	13.35311573	54.00372439	22.3880597	58.57957491	30.15797032	12.13592233	32.88925895	34.8200313	13.0187144	23.47867753	19.15708812	18.61427094	17.40186159	14.09495549	17.87668734
Clostridiisalibacter	0	0	12.40458015	2.225519288	0	4.070556309	15.55209953	2.87218765	1.213592233	11.24063281	18.38810642	6.916192026	5.270723527	1.09469075	4.653567735	12.14083367	8.902077151	8.026267785
Clostridium_sensu_stricto	5.379557681	1.227747084	3.339694656	0	0	1.356852103	2.073613271	0.957395883	1.213592233	3.330557868	3.912363067	2.034174125	10.54144705	4.378762999	8.273009307	11.33144476	8.902077151	8.026267785
Clostridium_sensu_stricto_1	10.16138673	8.594229589	9.064885496	8.902077151	19.55307263	18.31750339	10.36806636	7.659167066	17.59708738	14.57119067	16.43192488	6.509357201	15.3330139	108.9217296	22.75077559	11.33144476	7.418397626	35.02371397
Clostridium_sensu_stricto_13	1.195457262	3.683241252	0.954198473	0	5.586592179	10.85481682	9.849663038	1.914791766	4.247572816	0	0	0.81366965	0.479156684	2.736726875	1.551189245	0	0	0
Clostridium_sensu_stricto_7	0.597728631	0.613873542	0.954198473	0	9.310986965	5.427408412	0.518403318	0.478697942	149.2718447	0.416319734	0.391236307	0	1.916626737	6.568144499	1.551189245	2.023472278	0.370919881	4.013133893
Clostridium_sensu_stricto_8	58.57740586	4.297114794	124.5229008	13.35311573	26.0707635	34.59972863	162.7786418	51.69937769	33.37378641	0.832639467	0.782472613	0	3.833253474	6.568144499	5.687693899	3.642250101	2.96735905	6.202116016
Constrictibacter	2.390914525	0	1.908396947	0	0	0	7.257646449	2.393489708	4.854368932	0	0	0	0	0	0	0	0	0
Coriobacteriaceae_unclassified	1.195457262	6.138735421	1.908396947	21.51335312	13.96648045	7.462686567	3.110419907	7.659167066	11.52912621	2.497918401	7.824726135	3.2546786	5.270723527	2.736726875	11.89245088	6.070416835	3.338278932	3.283473185
Crocinitomix	4.78182905	6.752608963	7.633587786	0	10.24208566	6.105834464	1.555209953	8.137865007	32.16019417	7.07743547	8.215962441	8.950366151	1.437470053	0.547345375	1.551189245	2.023472278	2.96735905	1.824151769
Crossiella	0	0.613873542	0.954198473	0	0	0.678426052	0	9.09526089	2.427184466	1.665278934	1.956181534	1.6273393	15.3330139	18.60974275	1.034126163	8.498583569	4.080118694	28.82159796
Cryomorphaceae_unclassified	9.563658099	12.27747084	6.202290076	0	0	0	3.110419907	2.87218765	0	0	0.391236307	0	0	0	0	0.404694456	0	0
Cystobacteraceae_unclassified	0	0	0	0	0	0	0	0	0	0	0	0	3.833253474	2.736726875	2.068252327	0.404694456	0	1.459321416
Cytophagales_unclassified	115.3616258	60.15960712	36.25954198	48.21958457	446.9273743	42.0624152	32.65940902	41.64672092	30.33980583	31.64029975	18.38810642	25.22375915	29.22855774	6.568144499	35.67735264	23.06758397	34.12462908	22.61948194
Cytophagia_unclassified	4.184100418	5.524861878	11.45038168	5.192878338	9.310986965	2.035278155	24.36495594	49.78458593	52.79126214	0.416319734	1.956181534	3.2546786	1.916626737	0	0	1.214083367	1.854599407	4.377964247
DA111_unclassified	0.597728631	1.227747084	2.86259542	19.28783383	0.931098696	33.24287653	1.555209953	11.4887506	4.854368932	0	0	0	0	0	0	0	0	0
DB1-14_unclassified	2.988643156	4.910988336	5.72519084	0	0	0	10.88646967	0	0	6.661115737	5.868544601	4.475183076	0	0	0	1.214083367	0	0
Deferrisoma	25.70233114	33.76304481	33.39694656	45.25222552	46.55493482	69.19945726	21.77293935	34.94494974	66.1407767	0	0	0	0	0	0	0.404694456	0	0
Defluviicoccus	43.03646145	40.51565378	42.9389313	37.83382789	169.4599628	27.13704206	49.76671851	43.08281474	44.90291262	50.37468776	22.30046948	25.22375915	10.54144705	2.1893815	18.09720786	55.84783488	40.43026706	11.67457132
Defluviimonas	0.597728631	1.227747084	0.477099237	2.96735905	123.8361266	10.17639077	0	2.87218765	1.213592233	0	0	0	0	0	0	0.809388911	0	0
Defluviitalea	0.597728631	0	0	0	0	0	3.110419907	0	1.82038835	1.248959201	1.17370892	0.406834825	0.958313368	1.09469075	0	2.428166734	0.741839763	0.364830354
Dehalobacterium	0	0	5.72519084	0.741839763	0.931098696	5.427408412	0	0	18.81067961	0	0.782472613	0	3.35409679	15.87301587	5.170630817	0	0	0.364830354
Dehalococcoidia_unclassified	4.78182905	10.43585021	13.83587786	96.43916914	207.6350093	125.5088195	9.849663038	43.56151269	34.58737864	29.55870108	18.77934272	21.1554109	7.187350264	4.378762999	21.19958635	5.261027924	5.56379822	5.837285662
Dehalogenimonas	0	0	2.385496183	13.35311573	16.75977654	8.141112619	1.036806636	3.829583533	1.82038835	0	0	0	0	1.09469075	0.517063082	0	0	0
Deltaproteobacteria_unclassified	0.597728631	1.841620626	0.477099237	8.902077151	54.00372439	21.0312076	1.555209953	3.829583533	9.708737864	27.47710241	17.2143975	12.61187958	18.68711069	6.568144499	49.12099276	25.90044516	28.93175074	9.850419555
Demequina	9.563658099	1.227747084	4.770992366	0	0	4.070556309	0	0	0	1.665278934	0	0.81366965	3.35409679	1.642036125	0	1.214083367	0	0.729660708
Desulfatiglans	4.78182905	12.27747084	9.064885496	34.86646884	51.21042831	35.27815468	10.36806636	13.40354236	15.77669903	73.68859284	35.99374022	36.61513426	7.666506948	2.736726875	23.78490176	24.6863618	21.884273	11.30974097
Desulfatitalea	38.2546324	103.1307551	26.24045802	108.3086053	292.3649907	82.08955224	109.9015034	82.8147439	64.32038835	13.32223147	11.7370892	12.61187958	12.93723047	5.473453749	7.755946225	21.0441117	20.40059347	20.43049982
Desulfobacca	9.563658099	3.06936771	23.3778626	238.1305638	152.7001862	371.0990502	22.29134266	54.0928674	93.44660194	103.6636137	70.0312989	113.5069162	21.56205079	17.515052	45.50155119	28.3286119	48.21958457	17.51185699
Desulfobacteraceae_unclassified	24.50687388	57.09023941	8.110687023	27.44807122	72.62569832	25.10176391	25.92016589	47.39109622	61.28640777	120.316403	140.4538341	88.68999186	49.83229516	52.54515599	118.9245088	163.9012546	129.8219585	154.68807
Desulfobulbaceae_unclassified	35.86371787	23.3271946	13.83587786	34.12462908	19.55307263	20.35278155	5.184033178	8.616562949	6.067961165	25.39550375	48.51330203	10.17087063	53.18639195	120.9633279	12.40951396	40.87414002	61.5727003	75.1550529
Desulfobulbus	31.08188882	170.6568447	34.35114504	369.4362018	70.76350093	298.5074627	31.62260238	127.8123504	104.9757282	58.2847627	107.9812207	75.67127746	81.935793	179.529283	379.0072389	171.5904492	113.5014837	80.62750821
Desulfocapsa	3.586371787	1.227747084	0	20.02967359	30.72625698	11.53324288	0	0.957395883	3.640776699	0	0	0	0	0	0	0	0	0
Desulfomonile	4.184100418	4.297114794	0.954198473	54.15430267	7.448789572	8.141112619	6.220839813	0.957395883	6.674757282	28.30974188	10.95461659	12.61187958	2.395783421	1.642036125	4.653567735	5.261027924	3.338278932	4.742794601
Desulfonatronobacter	1.195457262	4.297114794	0	0.741839763	22.34636872	0	0	2.393489708	1.213592233	4.579517069	3.521126761	3.2546786	0	0	0	0.809388911	1.854599407	1.459321416
Desulfopila	37.05917513	117.8637201	7.15648855	6.676557864	60.52141527	75.30529172	14.5152929	3.829583533	2.427184466	1.665278934	6.259780908	0.81366965	6.708193579	10.9469075	4.653567735	5.261027924	3.709198813	8.026267785
Desulfosarcina	10.16138673	46.04051565	7.633587786	3.709198813	147.113594	13.56852103	0.518403318	2.87218765	0.606796117	23.31390508	37.16744914	9.764035801	5.749880211	9.852216749	9.307135471	27.92391744	15.20771513	53.26523167
Desulfotomaculum	10.75911536	1.227747084	46.27862595	2.225519288	13.96648045	10.17639077	19.18092276	9.09526089	5.461165049	0	0	0	0	1.09469075	1.551189245	0.404694456	0.370919881	1.094491062
Desulfovirga	2.390914525	8.594229589	0.477099237	5.192878338	0	3.392130258	1.036806636	15.31833413	9.101941748	0	0	0	0	0	0	0	0	0
Desulfurellaceae_unclassified	18.52958757	0	14.3129771	3.709198813	0.931098696	10.85481682	3.628823224	2.87218765	0	0.832639467	0.782472613	0	7.666506948	5.473453749	8.273009307	0.404694456	1.483679525	0
Desulfuromonadaceae_unclassified	37.05917513	15.34683855	33.39694656	46.73590504	73.55679702	71.91316147	114.0487299	97.17568214	544.2961165	7.910074938	5.868544601	11.3913751	0.479156684	12.58894362	6.721820062	2.83286119	0.741839763	1.824151769
Desulfuromonadales_unclassified	49.61147639	81.64518109	43.41603053	591.9881306	1050.27933	831.0719132	47.17470192	89.99521302	319.7815534	33.72189842	12.12832551	21.56224573	23.95783421	49.26108374	37.74560496	17.40186159	22.99703264	17.14702663
Desulfuromusa	22.71368799	17.18845918	6.202290076	7.418397626	56.79702048	26.45861601	6.739243131	5.744375299	44.90291262	2.081598668	1.564945227	1.220504475	0	0.547345375	3.10237849	2.023472278	1.112759644	1.824151769
Dethiobacter	0.597728631	0	1.43129771	0	2.793296089	0	0	10.53135472	4.247572816	3.330557868	0.391236307	2.034174125	1.916626737	4.926108374	1.551189245	0.404694456	0.741839763	1.094491062
Dichotomicrobium	1.793185894	1.227747084	0.477099237	0	0.931098696	0	1.036806636	2.393489708	1.213592233	26.22814321	55.55555556	39.05614321	64.68615237	92.50136836	45.50155119	70.01214083	86.05341246	82.45165998
Draconibacteriaceae_unclassified	7.770472206	1.841620626	2.385496183	1.483679525	30.72625698	8.81953867	3.110419907	7.659167066	0.606796117	13.73855121	4.694835681	8.136696501	4.312410158	3.831417625	2.068252327	2.83286119	2.96735905	3.283473185
Draconibacterium	11.95457262	91.46715777	3.816793893	13.35311573	5.586592179	27.81546811	0	0.957395883	0	2.497918401	1.564945227	2.847843775	0	0	0	5.66572238	2.225519288	5.837285662
DUNssu044_unclassified	46.62283323	12.89134438	56.77480916	10.38575668	4.655493482	16.28222524	23.84655262	13.40354236	13.95631068	0	0	0	0	0	0	0	0	0
E01-9C-26_marine_group_unclassified	0	0	0	0	0	0	0	0	0	0	0.391236307	0.406834825	4.791566842	4.926108374	2.068252327	0	0	1.459321416
E6aD10_unclassified	15.54094441	3.683241252	2.385496183	23.7388724	2.793296089	47.48982361	1.555209953	7.180469124	0.606796117	0	0.391236307	0.406834825	0.479156684	2.1893815	1.034126163	2.83286119	7.418397626	2.918642831
Echinicola	13.15002989	22.71332106	3.816793893	0	0.931098696	0.678426052	0.518403318	0	0	0.416319734	1.17370892	0	2.395783421	0	0	2.428166734	0.741839763	2.188982123
Eel-36e1D6_unclassified	2.988643156	2.455494168	0.477099237	2.225519288	12.10428305	6.105834464	3.110419907	7.180469124	6.067961165	6.661115737	9.780907668	7.729861676	3.833253474	6.020799124	5.170630817	5.66572238	13.72403561	9.485589201
EF100-94H03_unclassified	4.184100418	0	0	0	0	0	1.555209953	2.393489708	1.82038835	0	0.782472613	0.81366965	0	0.547345375	0	1.214083367	0.741839763	0.364830354
Ekhidna	4.184100418	12.27747084	3.816793893	0	0	0	2.592016589	1.914791766	0	0	0	0	0	0	0	0	0	0.364830354
Elev-16S-1332_unclassified	7.770472206	14.11909147	10.01908397	1.483679525	1.862197393	12.89009498	22.80974598	3.829583533	1.213592233	0.416319734	0	0	0.958313368	3.831417625	0.517063082	2.428166734	3.709198813	0.729660708
Erythrobacteraceae_unclassified	123.132098	71.20933088	67.27099237	63.05637982	81.93668529	65.12890095	30.06739243	18.19052178	49.75728155	33.72189842	25.82159624	26.85109845	21.08289411	9.852216749	0.517063082	5.66572238	16.32047478	12.40423203
Escherichia-Shigella	1.793185894	1.841620626	0	1.483679525	1.862197393	2.713704206	0.518403318	0	1.213592233	2.081598668	1.564945227	1.6273393	0.958313368	2.736726875	1.034126163	0	2.225519288	1.094491062
Euzebya	248.6551106	389.1958257	303.9122137	1.483679525	15.82867784	42.0624152	824.7796786	254.6673049	111.0436893	4.995836803	23.86541471	14.23921888	252.0364159	218.93815	179.9379524	78.91541886	100.148368	181.6855162
FamilyI_unclassified	181.1117753	38.67403315	57.72900763	29.6735905	86.59217877	75.30529172	24.88335925	19.62661561	19.41747573	2.914238135	8.607198748	0.81366965	0.479156684	0	0	2.428166734	1.483679525	7.296607078
FFCH13075_unclassified	1.195457262	0.613873542	1.908396947	0	0	0	8.294453084	2.87218765	4.247572816	0	0	0	0	0	0	0	0	0
Fictibacillus	0.597728631	0.613873542	0	2.225519288	0	12.89009498	6.220839813	4.308281474	12.13592233	0.416319734	0	0	0	1.09469075	1.551189245	0	0	0
Filomicrobium	1.195457262	3.683241252	1.43129771	1.483679525	0	0.678426052	2.073613271	0	0	36.63613655	41.86228482	23.18958503	11.97891711	3.28407225	6.721820062	17.80655605	8.53115727	24.80846406
Firmicutes_unclassified	5.379557681	3.06936771	17.17557252	28.18991098	50.27932961	35.27815468	10.36806636	16.75442796	11.52912621	5.82847627	8.607198748	4.882017901	0.479156684	0.547345375	0.517063082	0.809388911	2.596439169	4.377964247
Flammeovirgaceae_unclassified	63.35923491	52.79312462	40.07633588	94.95548961	42.83054004	47.48982361	67.39243131	83.29344184	94.05339806	77.01915071	56.72926448	49.63384866	84.81073311	76.62835249	66.70113754	44.92108458	43.76854599	63.48048158
Flavobacteriaceae_unclassified	138.6730424	47.88213628	67.27099237	33.38278932	5.586592179	15.60379919	25.92016589	66.53901388	5.461165049	47.46044963	38.34115806	92.35150529	29.70771442	19.15708812	10.34126163	26.70983408	18.91691395	37.57752645
Flavobacteriales_unclassified	0	0	0	0	0	0	1.036806636	2.87218765	0	17.06910908	17.6056338	28.88527258	0	0	0	4.046944557	0.370919881	2.553812477
Flexithrix	10.75911536	14.73296501	7.633587786	1.483679525	0	0	0.518403318	0	0.606796117	34.97085762	30.51643192	25.22375915	44.56157163	25.72523262	1.551189245	7.689194658	10.75667656	31.01058008
Fodinibius	44.23191871	33.76304481	25.28625954	85.3115727	277.4674115	101.0854817	62.20839813	945.4284347	614.684466	313.9050791	181.14241	128.5598047	231.4326785	72.79693487	124.6122027	164.305949	131.6765579	231.3024444
Fonticella	53.19784818	1.841620626	93.98854962	7.418397626	9.310986965	16.96065129	87.09175739	39.73192915	17.59708738	0	0.391236307	0	0	0.547345375	1.551189245	0	0	0.364830354
FS117-23B-02_unclassified	0.597728631	0	0	0	0	0	0	0.957395883	0	2.497918401	2.34741784	2.034174125	1.916626737	0	2.068252327	0.404694456	1.854599407	0
Fulvivirga	50.80693365	52.79312462	41.03053435	226.2611276	6.517690875	17.63907734	10.88646967	8.616562949	10.31553398	5.82847627	8.215962441	8.136696501	0.958313368	0	0	2.83286119	1.483679525	1.459321416
Fusibacter	3.586371787	0	0	4.451038576	7.448789572	2.035278155	0	0.957395883	0	0	0	0	0	0	0	0	0	0
FW22_unclassified	0	0	0	5.934718101	4.655493482	9.497964722	0	1.436093825	6.067961165	4.163197336	1.956181534	2.44100895	0	0	0	0	0	0
Gaetbulibacter	2.390914525	3.06936771	6.679389313	0	1.862197393	2.713704206	0	0	1.213592233	0	0	0	0	0	0	0	0	0
Gaiellales_unclassified	23.90914525	12.27747084	42.9389313	27.44807122	47.48603352	41.38398915	25.40176257	31.59406415	21.23786408	12.90591174	12.51956182	10.98454028	60.8528989	43.78762999	50.15511892	12.54552813	12.61127596	13.49872309
Gallionellaceae_unclassified	1.793185894	2.455494168	2.385496183	9.643916914	10.24208566	21.0312076	0	0.478697942	12.13592233	0	0	0	0	0	0	0	0	0
Gammaproteobacteria_unclassified	239.0914525	409.4536525	194.1793893	808.6053412	1485.102421	523.0664858	244.686366	460.5074198	504.2475728	582.0149875	413.1455399	493.4906428	344.9928126	223.8642583	718.7176836	632.1327398	489.2433234	341.1163809
Gastranaerophilales_unclassified	7.770472206	2.455494168	1.43129771	8.902077151	88.45437616	11.53324288	3.110419907	3.350885591	7.281553398	9.991673605	7.824726135	4.882017901	3.35409679	6.020799124	8.273009307	2.023472278	2.596439169	4.013133893
Gemmata	11.95457262	10.43585021	28.14885496	45.99406528	1.862197393	37.31343284	70.50285122	58.87984682	47.33009709	0	0	0	0	0	0	0	0	0
Gemmatimonadaceae_unclassified	0	0	1.908396947	7.418397626	0	0.678426052	0.518403318	2.87218765	0.606796117	0	0	0	0	0	0	0	0	0
Gemmatimonadetes_unclassified	187.0890616	88.39779006	177.9580153	555.6379822	6.517690875	73.27001357	198.0300674	218.2862614	257.2815534	5.412156536	12.51956182	9.357200976	18.68711069	23.53585112	64.11582213	49.37272359	76.78041543	25.90295513
Geoalkalibacter	8.965929468	7.980356047	2.385496183	0.741839763	0	0.678426052	2.073613271	3.350885591	6.067961165	0	0	0	0	0	0	0	0	0
Geobacteraceae_unclassified	19.1273162	28.23818293	2.385496183	0	0	0	0	0.478697942	0	0	0	0	0	0	0	0	0	0
Geothermobacter	83.08427974	33.76304481	22.90076336	44.51038576	6.517690875	52.23880597	91.75738725	19.14791766	14.5631068	22.06494588	15.64945227	30.10577705	0.958313368	0.547345375	9.824198552	23.06758397	7.047477745	3.648303539
GIF3_unclassified	0.597728631	1.841620626	1.908396947	0	0	0	2.592016589	2.393489708	0	4.163197336	3.129890454	3.661513426	0.958313368	0	0.517063082	0.809388911	0.370919881	1.824151769
Gitt-GS-136_unclassified	19.1273162	17.18845918	29.58015267	37.09198813	10.24208566	54.27408412	14.5152929	22.02010531	23.66504854	0	0.391236307	0.81366965	0	2.736726875	0.517063082	0	0	0
Gordonia	0.597728631	1.227747084	0	0	0	0.678426052	22.29134266	3.350885591	0.606796117	5.82847627	3.521126761	0.406834825	0.479156684	2.736726875	1.034126163	38.85066775	10.38575668	29.18642831
Gottschalkia	0	0	0.954198473	0	0	0	1.036806636	6.701771182	0	3.746877602	1.564945227	1.220504475	0.958313368	3.28407225	4.653567735	2.428166734	3.709198813	9.485589201
GOUTA4_unclassified	0.597728631	1.227747084	0.477099237	0	10.24208566	5.427408412	0	0	0	2.497918401	1.564945227	0	0.479156684	1.09469075	0.517063082	0.404694456	0	0
GOUTB8_unclassified	1.793185894	0	1.43129771	2.225519288	0	4.748982361	1.555209953	10.53135472	5.461165049	0	0	0	0	0	0	0	0	0
GR-WP33-30_unclassified	57.97967723	22.09944751	62.97709924	101.6320475	2.793296089	129.5793758	67.91083463	44.99760651	49.75728155	4.163197336	3.521126761	5.288852726	29.70771442	106.7323481	22.75077559	11.33144476	16.69139466	2.918642831
GR-WP33-58_unclassified	19.72504483	17.80233272	15.74427481	17.06231454	80.0744879	6.784260516	27.47537584	111.5366204	71.60194175	272.6894255	207.7464789	272.9861676	99.66459032	73.34428024	104.9638056	124.6458924	97.55192878	137.5410434
Gracilibacteraceae_unclassified	0	0.613873542	0	0	0	4.070556309	0.518403318	0	0	0.416319734	0	0	2.874940105	2.1893815	0	0	0	0
Gracilibacteria_unclassified	1.793185894	0	2.86259542	0.741839763	0	1.356852103	0	0	0	11.65695254	12.12832551	27.6647681	5.270723527	3.831417625	6.20475698	20.63941724	37.83382789	16.41736592
Gracilimonas	17.93185894	4.297114794	1.43129771	1.483679525	3.724394786	8.141112619	5.702436496	15.31833413	4.854368932	27.06078268	13.30203443	15.05288853	2.395783421	2.1893815	0	2.023472278	4.080118694	1.094491062
Gramella	10.75911536	0	2.385496183	1.483679525	0	0.678426052	24.36495594	42.12541886	2.427184466	19.15070774	9.389671362	10.57770545	96.78965022	30.651341	1.551189245	4.451639013	2.96735905	18.9711784
Haliangium	17.3341303	21.48557397	26.24045802	25.96439169	21.41527002	41.38398915	50.28512182	33.03015797	32.16019417	44.96253122	42.64475743	50.85435313	32.58265453	56.37657362	57.39400207	40.06475111	43.39762611	59.46734768
Haliea	2.988643156	3.06936771	1.908396947	1.483679525	0	0	0	0	0.606796117	9.159034138	6.259780908	4.475183076	0.958313368	1.642036125	0	2.83286119	4.451038576	6.202116016
Halieaceae_unclassified	8.368200837	5.524861878	3.339694656	1.483679525	0	1.356852103	0.518403318	0	0.606796117	64.5295587	62.59780908	42.71765663	19.16626737	8.757525999	1.551189245	50.58680696	39.31750742	83.18132069
Halobacillus	7.172743574	4.297114794	33.39694656	8.160237389	16.75977654	9.497964722	40.9538621	19.62661561	40.04854369	19.98334721	15.25821596	19.12123678	107.810254	114.9425287	104.4467425	60.70416835	55.6379822	43.04998176
Halobacteroidaceae_unclassified	0.597728631	0	1.908396947	0	0	1.356852103	2.592016589	1.914791766	1.213592233	0	0	1.6273393	0	0	0	0	0	0
Halocella	1.195457262	0.613873542	0	0	0	0	1.036806636	0	0	11.65695254	3.521126761	2.847843775	4.791566842	5.473453749	2.068252327	8.093889114	6.676557864	7.296607078
Halomonas	19.1273162	67.52608963	7.633587786	0.741839763	6.517690875	1.356852103	10.36806636	11.4887506	2.427184466	175.2706078	250.7824726	119.6094386	73.79012937	35.57744937	20.68252327	40.87414002	19.28783383	38.67201751
Haloplasma	12.55230126	2.455494168	29.58015267	2.96735905	16.75977654	11.53324288	74.65007776	17.71182384	7.888349515	22.89758535	19.95305164	18.71440195	6.229036895	20.79912425	2.068252327	7.284500202	7.789317507	10.21524991
Henriciella	4.184100418	0	3.339694656	0	0.931098696	0	0.518403318	0	0	2.914238135	4.694835681	0	13.41638716	3.831417625	0	0	0.741839763	0.729660708
HOC36_unclassified	0	0	0	0	0	0	0	0	0	22.06494588	37.94992175	26.85109845	7.187350264	3.831417625	19.6483971	9.712666936	16.69139466	20.06566946
Hydrogenedentes_unclassified	6.575014943	7.980356047	3.816793893	35.60830861	37.24394786	14.92537313	15.03369622	35.90234562	24.27184466	27.47710241	16.82316119	36.20829943	4.312410158	2.736726875	3.10237849	7.689194658	3.709198813	5.472455308
Hydrogenophaga	0.597728631	3.683241252	1.908396947	2.96735905	6.517690875	2.713704206	1.036806636	1.436093825	0.606796117	0	0	0	0	0	0	0	0	0
Hyphomicrobiaceae_unclassified	23.90914525	20.87170043	23.85496183	5.934718101	78.2122905	12.21166893	6.220839813	3.829583533	2.427184466	46.21149042	71.98748044	54.51586656	142.7886919	44.33497537	108.5832472	60.70416835	101.2611276	67.85844582
Hyphomonas	11.35684399	1.841620626	5.72519084	0	0	3.392130258	0	0	0	0	0	0	0	1.642036125	0	0	0	0
I-8	0	1.841620626	1.908396947	3.709198813	6.517690875	2.035278155	0	0.478697942	0.606796117	0	0	0	0	0	0	0	0	0
Iamia	37.05917513	171.8845918	48.66412214	13.35311573	61.45251397	71.91316147	413.6858476	39.73192915	33.98058252	7.910074938	5.477308294	4.475183076	15.3330139	12.58894362	7.238883144	3.642250101	5.934718101	9.120758847
Ignavibacteriales_unclassified	2.988643156	2.455494168	6.202290076	14.83679525	115.4562384	16.28222524	8.812856402	34.4662518	33.98058252	5.412156536	0.391236307	4.068348251	3.35409679	1.09469075	0.517063082	3.642250101	2.596439169	0.729660708
Ignavibacterium	23.90914525	10.43585021	10.01908397	350.148368	427.3743017	154.0027137	4.147226542	86.16562949	56.43203883	9.159034138	12.51956182	17.9007323	21.08289411	30.10399562	15.51189245	2.428166734	4.080118694	3.648303539
Illumatobacter	26.8977884	31.30755064	12.88167939	19.28783383	1.862197393	28.49389417	17.6257128	22.02010531	8.495145631	176.519567	149.8435055	73.63710334	114.0392908	114.3951834	24.81902792	141.238365	70.84569733	173.2944181
Imtechella	4.78182905	3.683241252	0.954198473	0	1.862197393	0	0	0.478697942	1.213592233	42.46461282	35.60250391	45.97233523	31.62434116	10.9469075	5.170630817	33.99433428	50.44510386	75.51988325
Intrasporangiaceae_unclassified	25.10460251	20.25782689	23.3778626	241.8397626	17.69087523	734.0569878	3.110419907	18.19052178	60.67961165	15.82014988	23.0829421	89.09682669	0	0	0	0	0	0
Isoptericola	11.35684399	0	0	0	0	0.678426052	0	0	0.606796117	15.82014988	7.824726135	6.916192026	15.81217058	95.78544061	2.585315408	0.404694456	0	5.472455308
JG30-KF-CM45_unclassified	5.977286312	206.2615101	10.01908397	17.06231454	0	2.713704206	34.21461897	52.17807563	53.39805825	0	0.391236307	0	0	0	0	0	0	0
JG30-KF-CM66_unclassified	75.91153616	30.07980356	146.4694656	11.8694362	26.0707635	67.84260516	138.9320892	56.48635711	63.71359223	19.98334721	33.64632238	37.83563873	39.29084811	58.56595512	58.42812823	40.06475111	59.34718101	38.67201751
JG34-KF-361_unclassified	10.16138673	6.752608963	7.15648855	6.676557864	1.862197393	23.7449118	7.257646449	22.9775012	14.5631068	12.48959201	9.389671362	5.288852726	4.791566842	1.642036125	7.755946225	4.046944557	3.338278932	0.364830354
JL-ETNP-Z39_unclassified	28.6909743	4.297114794	15.74427481	8.160237389	0	10.17639077	55.469155	24.41359502	21.84466019	0	1.564945227	0	0	0.547345375	1.034126163	0	0	0
JTB255_marine_benthic_group_unclassified	36.4614465	42.3572744	42.46183206	10.38575668	1.862197393	9.497964722	30.06739243	12.92484442	1.213592233	20.39966694	47.73082942	20.34174125	150.4551989	139.0257252	252.3267839	117.3613921	138.7240356	87.55928493
Kangiella	0.597728631	0	0	0	0	0	15.03369622	3.350885591	0	1.248959201	2.738654147	0.81366965	1.437470053	0	0	1.618777823	0	0
KD3-62_unclassified	0.597728631	0	0.954198473	5.192878338	35.38175047	0	1.036806636	2.393489708	9.101941748	0.832639467	0.782472613	0.406834825	0	0	0	0	0	0
KD4-96_unclassified	32.27734608	17.18845918	42.46183206	170.6231454	75.41899441	59.02306649	8.294453084	32.55146003	28.51941748	17.90174854	47.33959311	22.37591538	59.41542885	85.38587849	31.0237849	15.37838932	24.85163205	52.90040131
KF-JG30-B3_unclassified	23.31141662	23.94106814	17.65267176	14.09495549	10.24208566	14.92537313	18.66251944	12.92484442	0	9.575353872	16.04068858	18.71440195	30.66602779	38.86152162	33.09203723	7.284500202	9.272997033	7.661437432
KI89A_clade_unclassified	59.17513449	92.08103131	78.24427481	318.9910979	75.41899441	73.94843962	82.94453084	36.38104356	28.51941748	59.95004163	64.1627543	56.55004068	27.311931	32.29337712	23.78490176	48.96802914	31.89910979	43.77964247
Kiloniella	1.195457262	9.208103131	0	0.741839763	2.793296089	0.678426052	5.184033178	1.914791766	0	3.746877602	0.782472613	0.406834825	0	0	2.068252327	0	0.370919881	0
KIST-JJY010_unclassified	0	0	0	0	0	0	0.518403318	0	0	0	0.391236307	0	8.145663632	4.926108374	6.20475698	2.428166734	6.305637982	1.824151769
Kordiimonas	8.368200837	8.594229589	0	12.61127596	1.862197393	3.392130258	0	0	3.033980583	0	0	0	0	0	0	0	0	0
Labrenzia	8.965929468	41.12952732	15.26717557	0.741839763	0	0.678426052	1.555209953	0.478697942	1.82038835	3.330557868	3.521126761	1.6273393	6.229036895	1.642036125	1.034126163	2.023472278	4.821958457	4.742794601
Lachnoclostridium_5	19.1273162	27.01043585	17.17557252	2.96735905	5.586592179	29.85074627	6.739243131	3.829583533	2.427184466	9.159034138	5.477308294	4.068348251	6.229036895	13.68363437	13.96070321	14.97369486	14.83679525	7.661437432
Lachnospiraceae_unclassified	28.6909743	100.6752609	6.202290076	1.483679525	3.724394786	16.96065129	3.110419907	1.914791766	4.247572816	22.06494588	19.17057903	18.30756713	34.02012458	22.44116037	33.09203723	12.54552813	9.643916914	15.32287486
Latescibacteria_unclassified	47.22056186	6.752608963	24.33206107	73.4421365	68.90130354	233.3785617	50.80352514	94.78219244	90.41262136	24.14654455	34.42879499	32.95362083	39.77000479	41.59824849	45.50155119	50.99150142	65.65281899	27.7271069
LD1-PA34_unclassified	0	0	0	0	0	0	0	0	0	0	0	0.406834825	3.35409679	2.736726875	2.585315408	1.618777823	0.741839763	1.094491062
LD1-PB3_unclassified	0	0	0	0	0	0	0	0	0	0	0	0	3.35409679	4.378762999	3.619441572	0.404694456	2.225519288	0
LD29_unclassified	7.770472206	5.524861878	1.908396947	2.225519288	5.586592179	1.356852103	0.518403318	0.478697942	0	0	0	0	0	0	0	0	0	0
Legionella	0	0	0	0	0.931098696	2.035278155	2.073613271	2.393489708	3.033980583	0	0	0	0	0	0	0	0	0
Lewinella	1.793185894	1.841620626	0.477099237	0	0	0	0	0	0	6.244796003	7.433489828	2.44100895	1.916626737	0.547345375	0	3.642250101	0	4.377964247
Lishizhenia	0.597728631	0	0.954198473	0	0	0	0.518403318	0	0	0	0	0.406834825	130.3306181	3.28407225	2.068252327	0	0	0.364830354
Litorilinea	0.597728631	0	9.541984733	26.70623145	0	43.4192673	1.036806636	6.701771182	3.033980583	0	0	0	0.479156684	0	0	0	0	0
Longispora	2.988643156	3.06936771	3.339694656	0	0	0.678426052	7.776049767	0.478697942	0.606796117	1.248959201	0.391236307	2.034174125	1.437470053	2.1893815	41.88210962	6.070416835	7.047477745	15.32287486
Luteibacter	10.16138673	1.227747084	9.064885496	0.741839763	74.48789572	3.392130258	0.518403318	36.38104356	6.674757282	0	0	0	0	0	0	0	0	0
Luteivirga	0.597728631	4.297114794	0.954198473	0	0	0	2.592016589	1.436093825	8.495145631	0	0	0	0	0.547345375	0	0	0	0
Lutispora	2.390914525	0	2.385496183	0	7.448789572	3.392130258	7.257646449	1.914791766	0.606796117	1.665278934	1.564945227	0.406834825	3.35409679	3.831417625	1.034126163	0.809388911	0.370919881	1.459321416
Lysinibacillus	0	0	0	0	0	0.678426052	1.036806636	0	1.213592233	0.416319734	0	0	2.874940105	31.74603175	1.034126163	0	0	40.13133893
MACA-EFT26_unclassified	0	0	0	0	0	0	0	0	0	15.40383014	17.6056338	12.61187958	5.270723527	1.642036125	2.068252327	33.58963982	17.06231454	11.67457132
Magnetospira	7.770472206	11.6635973	10.49618321	39.31750742	185.2886406	16.28222524	19.18092276	53.61416946	152.9126214	36.21981682	7.824726135	23.18958503	0.958313368	0	0.517063082	6.070416835	5.934718101	3.283473185
Mangrovibacterium	21.51823072	9.208103131	10.01908397	3.709198813	0.931098696	10.17639077	0	3.350885591	2.427184466	0	0	0	0	0	0	0	0	0
Mangroviflexus	0	0	1.908396947	5.192878338	44.69273743	4.070556309	0	0	0	0	0	0	0	0	0	0	0	0
Marinicella	28.6909743	35.60466544	22.42366412	15.57863501	29.79515829	18.31750339	16.07050285	27.76448061	36.40776699	94.08825978	91.54929577	80.14646054	51.26976521	64.58675424	34.64322647	52.61027924	47.84866469	75.88471361
Marinimicrobium	11.35684399	1.227747084	0	0	0	0	0	0	0	13.73855121	3.129890454	9.357200976	3.833253474	2.1893815	0.517063082	1.618777823	0	0
Marinobacter	68.73879259	21.48557397	27.67175573	0	2.793296089	2.713704206	18.66251944	61.27333652	58.25242718	45.79517069	13.69327074	11.3913751	30.66602779	8.757525999	0.517063082	2.023472278	1.854599407	4.742794601
Marinobacterium	129.1093843	302.0257827	44.37022901	15.57863501	171.3221601	158.7516961	20.21772939	16.75442796	23.66504854	30.80766028	88.02816901	26.44426363	4.791566842	12.04159825	4.136504654	11.73613921	2.96735905	6.202116016
Marinomonas	0	0.613873542	1.43129771	0	13.96648045	8.141112619	0	1.436093825	0	0	7.433489828	16.68022783	0	0.547345375	1.034126163	0	0	4.742794601
Mariprofundus	1.195457262	0	0.477099237	14.09495549	3.724394786	40.70556309	0	0.957395883	9.708737864	0	0	0	0	0	0	0	0	0
Maritimibacter	0	1.841620626	0.477099237	0	0	2.035278155	2.592016589	0.478697942	0	6.661115737	2.738654147	0	0.479156684	2.736726875	2.068252327	0.404694456	5.56379822	6.56694637
Marivita	7.770472206	6.138735421	1.908396947	0	1.862197393	0	0	1.436093825	0	0	0	0	1.916626737	0	0	0	0	0
Marmoricola	4.78182905	9.208103131	6.679389313	11.12759644	21.41527002	13.56852103	5.184033178	9.573958832	40.04854369	0	0	0.81366965	0	0.547345375	0	0	0	0
MAT-CR-P4-C12_unclassified	0	0	0	1.483679525	37.24394786	4.070556309	1.036806636	51.69937769	83.13106796	9.159034138	0.782472613	2.44100895	0	0	0	0	0	0
MB-A2-108_unclassified	64.55469217	354.8189073	39.1221374	66.02373887	5.586592179	525.78019	38.88024883	11.96744854	24.27184466	0	0	0	6.229036895	34.48275862	4.653567735	0	0.741839763	0
Mesorhizobium	2.390914525	0.613873542	1.908396947	8.902077151	123.8361266	8.81953867	0	0.478697942	0	0.832639467	0	0	0	0	0	0	0	0
Methylocaldum	5.977286312	0	2.385496183	0	0	0	8.294453084	0	0	0	0	0	0	0	0	0	0	0
Methyloceanibacter	81.88882247	42.3572744	119.7519084	332.3442136	23.27746741	376.5264586	100.0518403	74.19818095	98.90776699	133.2223147	201.0954617	135.8828316	734.5471969	772.304324	1079.110651	156.6167544	215.504451	199.5622036
Methylocystaceae_unclassified	5.379557681	1.227747084	6.202290076	1.483679525	0	6.784260516	4.147226542	1.914791766	4.854368932	0	0	0.406834825	0.958313368	0	0	0	0	0
Methylohalomonas	19.72504483	25.16881522	1.43129771	57.86350148	0.931098696	0.678426052	15.55209953	31.59406415	93.44660194	5.412156536	4.303599374	1.6273393	7.187350264	1.09469075	0	4.856333468	1.854599407	6.202116016
Methylophaga	27.49551704	17.18845918	5.72519084	0.741839763	0	3.392130258	3.110419907	4.308281474	0.606796117	2.081598668	6.259780908	8.543531326	1.437470053	1.09469075	1.034126163	3.642250101	4.080118694	5.472455308
Microbacteriaceae_unclassified	16.13867304	19.64395335	3.816793893	1.483679525	5.586592179	2.713704206	1.036806636	1.914791766	1.82038835	0	0	0	0	0	0	0	0	0
Microbacterium	0.597728631	1.841620626	0.477099237	1.483679525	0	0.678426052	0	0	0	2.081598668	0.782472613	0	4.312410158	10.9469075	1.551189245	0	0	0.729660708
Microbulbifer	56.78421996	27.62430939	38.64503817	13.35311573	4.655493482	36.63500678	39.91705547	2.87218765	66.1407767	79.51706911	82.55086072	35.39462978	84.81073311	96.88013136	46.53567735	59.89477944	56.00890208	110.1787669
Micrococcales_unclassified	2.390914525	0.613873542	0.954198473	0	0.931098696	0.678426052	0.518403318	0.478697942	0	5.82847627	2.34741784	1.6273393	17.72879732	13.136289	0.517063082	2.428166734	0.370919881	2.188982123
Micromonosporaceae_unclassified	15.54094441	3.683241252	20.03816794	10.38575668	19.55307263	32.56445047	33.69621566	1.914791766	3.640776699	2.497918401	2.34741784	1.220504475	24.91614758	38.31417625	18.61427094	1.214083367	0.370919881	2.553812477
Milano-WF1B-44_unclassified	0	0	0	0	0	0	0	0	0	2.497918401	3.912363067	4.475183076	0	0	0	0.809388911	1.483679525	0.364830354
MNG7_unclassified	3.586371787	8.594229589	0.477099237	2.96735905	0	0.678426052	0	1.436093825	1.82038835	0.416319734	0	0	0	0	0	0	0	0
Mobilitalea	9.563658099	1.227747084	4.29389313	4.451038576	9.310986965	12.21166893	9.33125972	2.87218765	3.033980583	15.40383014	5.868544601	8.543531326	3.833253474	8.757525999	10.34126163	4.046944557	1.854599407	5.107624954
MSB-1E8_unclassified	459.6533174	688.1522406	299.1412214	304.1543027	28.86405959	476.9335142	668.7402799	210.1483964	209.3446602	42.04829309	52.81690141	25.63059398	547.6760901	841.2698413	840.2275078	248.0777013	252.5964392	181.6855162
MSB-4B10_unclassified	1.195457262	0	0	0.741839763	0.931098696	0	3.628823224	3.829583533	2.427184466	0	0.391236307	0	0	0	0	0.809388911	0	0.364830354
MSBL5_unclassified	0	0	0	0	0	0	0	0	0	2.081598668	1.956181534	1.6273393	0.479156684	0	0	0.404694456	1.112759644	0.364830354
MSBL7	56.78421996	75.50644567	33.39694656	113.5014837	475.7914339	83.44640434	128.0456195	70.84729536	49.75728155	16.23646961	1.956181534	9.357200976	0	0	0	0	0	0
MSBL9_unclassified	0	0	0	1.483679525	5.586592179	0	0	1.914791766	1.82038835	0	0	1.220504475	0	0	0	0.404694456	0	0
Muricauda	5.379557681	4.297114794	3.339694656	0	2.793296089	2.035278155	1.036806636	0	0	1.248959201	8.215962441	4.475183076	11.97891711	6.020799124	0	5.66572238	5.56379822	11.67457132
Mycobacteriaceae_unclassified	0	0	0	0	0	0	0	0	0	0.416319734	1.17370892	0.81366965	6.708193579	7.115489874	1.551189245	1.214083367	2.596439169	0.364830354
Mycobacterium	95.63658099	153.4683855	113.5496183	135.0148368	14.89757914	200.8141113	80.87091757	75.15557683	69.7815534	44.12989176	57.9029734	51.26118796	117.3933876	68.41817187	94.10548087	53.41966815	34.49554896	86.46479387
Myxococcales_unclassified	2.988643156	0.613873542	4.770992366	2.96735905	96.83426443	1.356852103	2.592016589	0	0	44.96253122	52.4256651	41.49715216	34.97843795	33.93541325	29.98965874	35.6131121	27.8189911	59.83217804
Nannocystaceae_unclassified	4.78182905	4.910988336	4.770992366	9.643916914	23.27746741	31.20759837	0.518403318	0.478697942	0	11.24063281	8.607198748	20.74857608	3.35409679	6.568144499	3.619441572	7.284500202	4.451038576	7.661437432
Nannocystis	18.52958757	9.208103131	18.12977099	11.12759644	1.862197393	51.56037992	45.10108865	22.02010531	27.91262136	7.910074938	9.780907668	8.543531326	7.187350264	8.757525999	6.20475698	5.66572238	6.305637982	8.026267785
Natranaerovirga	0	0	0	0	0	0	0	0	0	20.81598668	7.042253521	10.57770545	17.72879732	1.09469075	19.13133402	3.237555645	3.338278932	0.364830354
NB1-n_unclassified	0	0	1.908396947	0	1.862197393	0	1.555209953	0.478697942	1.213592233	0.416319734	5.868544601	3.661513426	5.270723527	4.378762999	3.10237849	2.428166734	2.596439169	1.824151769
Nitratireductor	8.965929468	1.841620626	1.908396947	0	0	0	0	0.478697942	0.606796117	8.742714405	13.30203443	9.357200976	19.16626737	7.115489874	3.619441572	1.618777823	2.225519288	6.56694637
Nitriliruptor	207.411835	136.2799263	252.3854962	55.6379822	102.4208566	135.0067843	365.474339	203.4466252	307.6456311	104.4962531	111.1111111	87.87632221	112.6018208	29.00930487	9.307135471	21.0441117	46.36498516	123.3126596
Nitrococcus	0.597728631	0	0	2.225519288	0	4.070556309	0	0.478697942	64.92718447	16.65278934	6.259780908	6.916192026	0	0	0	1.618777823	2.225519288	2.188982123
Nitrolancea	0	0	0	0	0	0	0	0	0	0.416319734	0.391236307	1.220504475	2.874940105	3.831417625	1.034126163	1.214083367	2.225519288	4.377964247
Nitrosococcus	62.76150628	66.29834254	1.908396947	2.96735905	3.724394786	2.713704206	15.55209953	4.308281474	0.606796117	6.661115737	19.95305164	8.543531326	35.45759463	21.34646962	132.885212	91.86564144	84.94065282	22.98431229
Nitrosomonadaceae_unclassified	5.977286312	3.06936771	38.16793893	0	0	0	7.257646449	6.701771182	0.606796117	0	0	0	0	0	0	0	0	0
Nitrospina	0.597728631	3.06936771	0	0	0	0	1.555209953	1.436093825	15.16990291	4.579517069	1.956181534	2.034174125	0.479156684	0	0.517063082	0.404694456	0.370919881	2.188982123
Nitrospira	55.5887627	52.79312462	51.04961832	45.25222552	4.655493482	109.9050204	35.76982893	67.97510771	49.75728155	5.82847627	6.651017214	6.102522376	18.207954	7.662835249	35.16028956	38.44597329	38.57566766	4.742794601
Nitrospiraceae_unclassified	681.4106396	549.4168201	231.870229	1098.664688	287.7094972	1205.563094	319.3364438	123.9827669	188.7135922	21.64862614	43.81846635	22.7827502	23.95783421	10.39956212	118.9245088	74.46377985	74.18397626	16.78219628
NKB5_unclassified	1.195457262	0	0	0	0	0	0	0	0	0	0	1.220504475	0	0	0	2.428166734	3.338278932	1.824151769
Nocardioidaceae_unclassified	10.75911536	54.0208717	24.80916031	3.709198813	5.586592179	9.497964722	62.20839813	49.78458593	126.2135922	0	0	0	0	0	0	0	0	0
Novosphingobium	2.988643156	0	3.816793893	0.741839763	4.655493482	14.24694708	0	0	0.606796117	0	0.391236307	0	0	0	0	0	0	0
NPL-UPA2_unclassified	3.586371787	6.752608963	0.954198473	2.225519288	0.931098696	14.24694708	2.073613271	11.96744854	23.05825243	5.82847627	10.17214397	6.916192026	3.35409679	4.378762999	9.307135471	5.66572238	2.225519288	2.553812477
NS11-12_marine_group_unclassified	2.390914525	1.227747084	4.770992366	3.709198813	1.862197393	1.356852103	3.110419907	0.957395883	3.640776699	10.40799334	17.99687011	28.47843775	7.187350264	0	1.551189245	1.214083367	0	5.107624954
Oceanicaulis	0	0	0	0	0	0	0	0	0	3.330557868	8.215962441	3.2546786	0	0	1.551189245	5.66572238	2.96735905	5.472455308
Oceanicoccus	0	0	0	0	0	0	1.036806636	13.88224031	0.606796117	7.07743547	1.564945227	1.6273393	0	0	0	0	0	0
Oceanicola	0.597728631	0.613873542	0	0.741839763	0	0.678426052	0.518403318	0	0	1.665278934	3.521126761	6.509357201	7.666506948	8.757525999	0.517063082	0	0.370919881	1.459321416
Oceanobacillus	0	0	0.477099237	0	0	0	0	0	0	0	0.391236307	0.406834825	0.958313368	12.04159825	1.034126163	1.214083367	1.854599407	4.377964247
Oceanospirillaceae_unclassified	20.32277346	22.09944751	22.42366412	0	14.89757914	5.427408412	2.592016589	8.137865007	3.033980583	0	0	0	0	0	0	0	0	0
Oceanospirillales_unclassified	2.390914525	5.524861878	3.816793893	11.12759644	47.48603352	3.392130258	0	18.66921972	15.16990291	8.742714405	5.477308294	2.847843775	0	0	0.517063082	3.237555645	1.483679525	2.918642831
OCS116_clade_unclassified	138.6730424	84.10067526	85.8778626	32.64094955	43.76163873	62.41519674	65.31881804	12.44614648	32.16019417	154.0383014	84.11580595	97.64035801	46.47819837	56.92391899	57.91106515	46.94455686	77.15133531	53.63006202
Oligoflexaceae_unclassified	8.965929468	17.80233272	7.633587786	6.676557864	0.931098696	2.035278155	0	0	0	0	0	0	0	0	0	0	0	0
Oligoflexales_unclassified	0	0	0	0	0	0	0	0	0	0	0	0	4.312410158	2.1893815	0.517063082	0	0	2.188982123
Oligosphaerales_unclassified	11.95457262	30.07980356	4.29389313	8.160237389	0	1.356852103	0	0	0	0	0	0	0	0	0	0	0	0
Oligosphaeria_unclassified	30.48416019	18.41620626	6.679389313	4.451038576	0	2.035278155	3.628823224	0	0	0	0	0	0	0	0	0	0	0
OM1_clade_unclassified	1915.720263	1303.867403	914.1221374	194.3620178	45.62383613	989.8236092	1175.738725	484.4423169	307.6456311	676.519567	1002.738654	624.4914565	3207.954001	3882.86809	2785.418821	1223.39134	1412.833828	1754.104341
OM182_clade_unclassified	6.575014943	4.297114794	2.385496183	0	4.655493482	0	21.25453603	12.92484442	25.48543689	0	0	0	0	0	0	0	0	0
OM190_unclassified	23.31141662	20.25782689	10.97328244	31.89910979	15.82867784	16.28222524	19.69932608	21.06270943	20.02427184	4.995836803	7.042253521	10.17087063	1.437470053	4.378762999	7.755946225	21.0441117	8.902077151	6.202116016
OM27_clade	2.988643156	12.27747084	1.908396947	11.8694362	19.55307263	18.99592944	7.257646449	28.7218765	22.45145631	44.54621149	48.51330203	63.46623271	21.08289411	26.81992337	28.43846949	19.83002833	27.07715134	32.10507114
OM60(NOR5)_clade	0	0	0	0	0	0	0	0	0	2.914238135	1.17370892	2.847843775	0	2.736726875	0	0	0	0
OPB35_soil_group_unclassified	7.172743574	2.455494168	3.816793893	62.31454006	18.62197393	21.0312076	11.92327631	33.98755385	29.12621359	0.832639467	4.694835681	4.882017901	3.35409679	1.09469075	2.068252327	1.214083367	1.854599407	0.364830354
OPB41_unclassified	2.390914525	4.910988336	0	0	0	0	0	0	0	0	0	0	5.270723527	1.09469075	7.238883144	0	0	0
OPB54_unclassified	10.16138673	3.06936771	19.08396947	97.92284866	27.93296089	44.09769335	35.25142561	25.3709909	48.54368932	15.82014988	10.56338028	16.68022783	8.624820316	10.9469075	6.20475698	3.642250101	2.596439169	5.472455308
OPB56_unclassified	8.965929468	4.297114794	4.770992366	11.12759644	0	0	0.518403318	0.478697942	0	0	0	0	0	0	0	0	0	0
Order_III_unclassified	103.4070532	57.09023941	47.23282443	40.05934718	1216.945996	107.8697422	211.5085537	264.2412638	155.3398058	298.501249	298.1220657	229.0480065	135.122185	37.2194855	65.14994829	76.89194658	138.7240356	110.1787669
Orenia	0	1.227747084	5.248091603	0.741839763	0	0	10.88646967	4.308281474	4.247572816	9.159034138	7.433489828	7.323026851	1.916626737	6.020799124	2.068252327	4.856333468	6.305637982	6.56694637
Owenweeksia	0.597728631	0	0	0	2.793296089	0	0	1.436093825	0	33.30557868	29.342723	38.64930838	14.37470053	4.378762999	0.517063082	8.498583569	10.75667656	19.70083911
Oxalophagus	38.2546324	31.92142419	62.97709924	11.12759644	20.48417132	30.52917232	103.1622602	45.47630445	39.44174757	4.163197336	5.477308294	2.847843775	49.35313848	144.499179	26.88728025	26.70983408	24.10979228	54.35972273
Oxobacter	1.793185894	0	1.43129771	0	13.03538175	4.748982361	4.147226542	3.829583533	1.82038835	0.416319734	0	0	2.874940105	2.736726875	2.068252327	0.404694456	0.370919881	0
P3OB-42_unclassified	0	1.841620626	0	0.741839763	0	0.678426052	3.628823224	4.308281474	3.640776699	6.661115737	3.521126761	2.44100895	3.833253474	9.852216749	10.85832472	5.66572238	2.225519288	5.837285662
Paenibacillaceae_unclassified	1.195457262	2.455494168	3.339694656	1.483679525	2.793296089	4.070556309	4.66562986	3.350885591	1.82038835	7.07743547	1.564945227	2.034174125	0.479156684	0	0	1.618777823	0.370919881	1.094491062
Paenibacillus	1.195457262	0.613873542	0.954198473	0	0.931098696	3.392130258	3.110419907	0.957395883	3.640776699	2.497918401	0.391236307	0.406834825	1.916626737	12.04159825	4.136504654	2.83286119	2.596439169	4.377964247
Palleronia	0	0.613873542	0	0	0	0	0	0	0	4.579517069	2.34741784	0.81366965	2.874940105	1.642036125	0	0	0	2.553812477
Paraliobacillus	0	0	0	0	0	0	0.518403318	0	0	4.163197336	4.694835681	2.034174125	2.874940105	0	2.068252327	1.618777823	0.370919881	3.283473185
Parcubacteria_unclassified	26.30005977	37.44628607	8.110687023	28.93175074	49.34823091	16.96065129	3.110419907	13.40354236	51.5776699	84.51290591	79.81220657	54.51586656	31.62434116	49.80842912	41.88210962	59.08539053	77.89317507	82.45165998
Parvibaculum	1.793185894	1.227747084	0	0.741839763	2.793296089	0.678426052	0.518403318	0.478697942	2.427184466	2.497918401	0	0.81366965	0	0	0	0	0	0
Parvularcula	22.11595935	22.09944751	21.46946565	2.225519288	1.862197393	6.784260516	11.92327631	0.957395883	0	7.493755204	10.56338028	7.729861676	11.97891711	8.210180624	8.273009307	25.09105625	64.54005935	29.18642831
PAUC26f_unclassified	16.73640167	13.50521793	18.60687023	11.12759644	4.655493482	1.356852103	33.17781234	12.92484442	7.888349515	9.991673605	12.12832551	10.57770545	14.37470053	19.7044335	26.37021717	25.09105625	29.30267062	18.60634805
PAUC43f_marine_benthic_group_unclassified	87.86610879	0.613873542	4.29389313	128.3382789	41.89944134	101.7639077	1.036806636	3.829583533	1.82038835	138.2181515	136.1502347	241.6598861	82.41494969	80.45977011	50.67218201	63.941724	53.41246291	80.62750821
Pedomicrobium	0.597728631	0	1.43129771	0	0	0	0	0.478697942	0.606796117	0	0	0.406834825	4.791566842	14.23097975	5.687693899	0	1.483679525	0
Pelagibius	182.3072325	255.985267	169.370229	194.3620178	29.79515829	10.17639077	74.65007776	60.79463858	66.1407767	111.1573689	47.73082942	24.00325468	20.60373742	6.568144499	45.50155119	75.27316876	72.32937685	52.53557096
Pelobacter	12.55230126	0	0.477099237	0.741839763	0.931098696	18.99592944	1.555209953	2.393489708	1.213592233	3.746877602	1.564945227	1.6273393	10.06229037	20.79912425	24.81902792	5.261027924	4.080118694	3.283473185
PeM15_unclassified	9.563658099	14.73296501	1.908396947	5.192878338	2.793296089	2.035278155	1.555209953	1.436093825	0.606796117	0.416319734	0.391236307	0	0	0	0	0	0	0
Peptococcaceae_unclassified	11.35684399	1.841620626	31.48854962	4.451038576	23.27746741	10.85481682	35.76982893	19.14791766	6.674757282	0	1.17370892	0	0	0	0	0	0.370919881	0.364830354
Peptostreptococcaceae_unclassified	0	0	0	0	0.931098696	0	0	0	0.606796117	0	1.956181534	0.406834825	15.81217058	16.42036125	9.824198552	3.237555645	0.370919881	5.837285662
Peredibacter	0	0	0	0.741839763	0	3.392130258	3.110419907	0.957395883	0	10.82431307	14.86697966	7.729861676	7.187350264	9.304871374	10.34126163	3.642250101	1.483679525	18.24151769
Phaeodactylibacter	35.86371787	23.3271946	6.202290076	19.28783383	10.24208566	18.99592944	6.220839813	7.659167066	1.213592233	73.68859284	69.24882629	69.56875509	43.12410158	32.29337712	79.62771458	55.44314043	103.4866469	62.38599051
Phaselicystis	0	0	0	2.96735905	13.96648045	2.035278155	0	0.478697942	4.854368932	0	0	0	0	0	0	0	0	0
PHOS-HE36_unclassified	2.988643156	0	4.770992366	0	0.931098696	0	0.518403318	0.478697942	0	0	0.391236307	0.406834825	3.833253474	1.09469075	3.619441572	0	0	0
Phycisphaera	10.75911536	14.11909147	8.58778626	4.451038576	0.931098696	1.356852103	7.257646449	1.436093825	1.82038835	0.416319734	1.17370892	1.6273393	0	0.547345375	0.517063082	0.809388911	1.483679525	0.364830354
Phycisphaeraceae_unclassified	5.379557681	7.366482505	6.202290076	7.418397626	11.17318436	3.392130258	9.33125972	32.55146003	26.69902913	15.82014988	10.17214397	8.543531326	27.79108769	65.68144499	16.54601861	4.856333468	8.902077151	8.755928493
Phycisphaerae_unclassified	0	0	0	0	0	0	0	0	0	0	1.564945227	0.406834825	0.479156684	3.831417625	2.068252327	2.023472278	3.709198813	3.648303539
Phyllobacteriaceae_unclassified	37.05917513	24.55494168	22.42366412	17.06231454	4.655493482	9.497964722	16.58890617	14.83963619	27.30582524	88.25978351	129.1079812	84.62164361	139.4345951	49.80842912	111.6856256	34.39902873	56.00890208	101.4228384
Pir4_lineage	47.22056186	33.76304481	28.6259542	12.61127596	24.20856611	29.17232022	71.53965785	32.55146003	39.44174757	46.21149042	55.16431925	46.78600488	191.6626737	227.1483306	157.1871768	70.41683529	80.11869436	99.59868661
Pla1_lineage_unclassified	4.78182905	6.138735421	6.679389313	43.76854599	8.379888268	18.99592944	30.06739243	10.05265677	23.05825243	3.330557868	3.129890454	6.102522376	0	2.736726875	2.585315408	0.809388911	0	1.824151769
Pla3_lineage_unclassified	8.368200837	0	5.248091603	0.741839763	0	2.713704206	7.776049767	3.350885591	8.495145631	0	0	0	0	0.547345375	0	2.023472278	0.741839763	0
Pla4_lineage_unclassified	0	2.455494168	0	8.160237389	7.448789572	5.427408412	1.036806636	7.180469124	9.708737864	0.832639467	0	2.847843775	0	0	0	0	0	0
Planctomyces	41.24327555	49.72375691	40.07633588	81.60237389	3.724394786	33.92130258	54.95075168	24.89229296	19.41747573	29.97502082	48.12206573	23.18958503	47.91566842	39.95621237	23.78490176	32.37555645	28.56083086	26.99744619
Planctomycetaceae_unclassified	109.3843395	130.7550645	97.32824427	32.64094955	5.586592179	70.55630936	78.7973043	47.39109622	48.54368932	35.38717735	20.34428795	33.76729048	89.60229995	94.69074986	119.4415719	43.70700121	63.79821958	40.13133893
Planctomycetes_unclassified	29.28870293	22.71332106	28.6259542	0.741839763	0	28.49389417	18.14411612	16.27573001	1.82038835	19.98334721	23.4741784	17.08706265	19.16626737	25.72523262	23.26783868	19.83002833	16.69139466	18.60634805
Pontibacillus	1.195457262	2.455494168	4.29389313	2.225519288	0.931098696	16.96065129	10.36806636	3.350885591	2.427184466	14.15487094	9.389671362	14.23921888	43.60325827	23.53585112	40.84798345	19.83002833	21.51335312	27.7271069
Pontibacter	18.52958757	4.910988336	0	0	0	0	0.518403318	7.180469124	0	3.330557868	0	3.661513426	0.479156684	0	0	0.404694456	0	1.094491062
Porifericola	5.977286312	1.227747084	1.908396947	0	0	0	0	0	0	1.248959201	2.34741784	0.406834825	12.45807379	5.473453749	0	0.809388911	0	0
Portibacter	0	0	0	0	0	0	0	0	0	8.326394671	3.912363067	17.49389748	15.3330139	21.34646962	3.619441572	23.06758397	11.49851632	14.59321416
Porticoccaceae_unclassified	0	0	0	4.451038576	10.24208566	0.678426052	0	2.393489708	0.606796117	3.330557868	4.303599374	6.102522376	1.437470053	0	3.10237849	0.809388911	0.741839763	0.364830354
Porticoccus	8.965929468	6.752608963	1.43129771	11.12759644	0	0	0	0	0	0	0	0	0	0	0	0	0	0
possible_family_01_unclassified	0	0	0.477099237	8.160237389	13.03538175	2.035278155	0	0	1.82038835	0	0	0	0	0	0	0	0	0
Prolixibacter	0	2.455494168	0	0	13.96648045	2.713704206	0	0	0	0	0	0	0	0	0	0	0	0
Propionibacteriaceae_unclassified	29.88643156	105.5862492	14.3129771	1.483679525	0.931098696	5.427408412	559.8755832	17.71182384	2.427184466	2.497918401	9.389671362	10.57770545	17.72879732	14.23097975	21.19958635	5.261027924	7.789317507	19.33600876
Proteobacteria_unclassified	66.94560669	147.3296501	62.97709924	86.79525223	260.707635	219.8100407	48.21150855	97.65438009	163.8349515	166.1115737	57.51173709	116.35476	93.43555343	166.9403394	152.5336091	85.39053015	99.03560831	32.4699015
Pseudenhygromyxa	16.13867304	4.297114794	9.541984733	43.02670623	0	12.89009498	35.76982893	2.393489708	4.247572816	30.80766028	17.99687011	30.51261188	15.81217058	15.3256705	32.05791107	12.95022258	12.98219585	13.13389274
Pseudoalteromonas	0.597728631	1.841620626	0.477099237	0	2.793296089	0	2.073613271	0	0	0	0.391236307	0	4.312410158	1.09469075	1.034126163	0	0	0.729660708
Pseudohaliea	0	0	0	0	0	0	0	0	0	1.665278934	5.868544601	2.44100895	0.479156684	0	1.551189245	2.83286119	2.96735905	2.918642831
Pseudomaricurvus	0	0	0	0	0	0	0	0	0	2.081598668	1.956181534	1.6273393	0	0	0.517063082	0	0	0.364830354
Pseudomonas	3.586371787	6.138735421	0.477099237	0	0.931098696	0.678426052	0	13.40354236	0	2.081598668	0	0	0	1.09469075	0.517063082	0.809388911	1.112759644	0.729660708
Pseudospirillum	5.379557681	1.227747084	0	1.483679525	1.862197393	0	0	0	0	33.72189842	16.04068858	19.12123678	3.35409679	2.1893815	2.585315408	8.498583569	7.418397626	2.918642831
Puniceicoccaceae_unclassified	3.586371787	4.910988336	4.29389313	0	0	0	0	0.478697942	2.427184466	7.493755204	5.477308294	3.661513426	0.958313368	0	0.517063082	4.046944557	2.596439169	3.283473185
R76-B128_unclassified	3.586371787	1.227747084	2.385496183	0.741839763	2.793296089	3.392130258	0	0.957395883	0	0.416319734	0.782472613	0.81366965	0	0	1.551189245	0	0.741839763	0
RB446_unclassified	0.597728631	0	0	0	2.793296089	4.748982361	0	0	0	0	1.564945227	1.6273393	0	3.28407225	1.034126163	0.809388911	1.112759644	0.364830354
RCP1-48_unclassified	4.184100418	0	0	433.9762611	6.517690875	94.97964722	0	0.957395883	0.606796117	81.18234804	10.95461659	25.63059398	2.395783421	0	0.517063082	1.214083367	0	0
Reichenbachiella	68.14106396	48.49600982	64.88549618	125.3709199	1.862197393	52.91723202	87.09175739	19.62661561	25.48543689	21.64862614	21.90923318	14.6460537	51.7489219	40.50355774	26.88728025	24.6863618	21.51335312	53.26523167
Rhizobiaceae_unclassified	2.988643156	0	2.385496183	0	1.862197393	4.748982361	0	0.478697942	0	0	0	0	0	0	0	0	0	0.364830354
Rhizobiales_unclassified	117.7525403	87.17004297	151.7175573	330.1186944	230.9124767	310.0407056	68.94764126	64.62422212	40.04854369	94.92089925	63.771518	91.13100081	75.70675611	82.10180624	92.55429162	35.6131121	48.21958457	34.29405327
Rhizomicrobium	0	0	0.477099237	0	0	2.713704206	0	0	0	1.665278934	1.956181534	1.6273393	0	0	0	0	0	0
Rhodobacter	2.390914525	3.683241252	6.679389313	2.96735905	8.379888268	6.105834464	0	2.87218765	0	0	0	0	0	0	0	0	0	0
Rhodobacteraceae_unclassified	115.9593545	125.8440761	84.44656489	393.9169139	94.97206704	73.27001357	69.9844479	200.0957396	145.631068	175.2706078	160.7981221	106.5907242	382.8461907	257.7996716	48.0868666	119.7895589	109.0504451	233.8562568
Rhodobiaceae_unclassified	0	0	0	4.451038576	1.862197393	20.35278155	0.518403318	0	0.606796117	0.416319734	0.391236307	0	53.18639195	110.5637657	48.60392968	2.023472278	3.709198813	1.459321416
Rhodococcus	0	7.980356047	0	0	0	8.81953867	0	0	0	0	0	0	0	0	0	0	0	5.107624954
Rhodomicrobium	4.184100418	1.227747084	5.72519084	8.160237389	0.931098696	43.4192673	9.849663038	0	0	4.995836803	2.34741784	10.17087063	29.70771442	40.50355774	103.4126163	4.856333468	25.22255193	17.51185699
Rhodopirellula	1.195457262	1.841620626	0.477099237	2.225519288	1.862197393	4.070556309	1.555209953	3.350885591	2.427184466	3.330557868	4.694835681	4.475183076	13.89554384	34.48275862	22.23371251	4.046944557	2.225519288	4.377964247
Rhodospirillaceae_unclassified	69.93424985	77.3480663	27.19465649	130.5637982	260.707635	97.01492537	24.36495594	26.80708473	61.89320388	118.6511241	91.54929577	141.1716843	117.8725443	78.81773399	189.762151	133.5491704	123.1454006	74.42539219
Rhodospirillales_unclassified	130.3048416	140.5770411	129.2938931	328.6350148	220.6703911	46.81139756	126.4904095	85.2082336	83.13106796	283.5137386	103.286385	147.6810415	69.47771921	50.90311987	146.3288521	114.528531	112.0178042	87.19445458
Rhodothermaceae_unclassified	407.0531978	351.7495396	410.3053435	34.86646884	19.55307263	63.0936228	624.6759979	866.9219722	1374.393204	96.58617818	119.7183099	106.5907242	95.83133685	89.21729611	81.17890383	134.3585593	168.3976261	176.2130609
Rhodovibrio	0	0	0	0.741839763	0	0	0	0	0	7.493755204	3.912363067	0.406834825	0	0	0	4.046944557	1.483679525	1.824151769
Rhodovulum	0	0	0	0	0	0	0	0	0	6.661115737	6.259780908	0	0.479156684	0	0	5.66572238	1.854599407	13.13389274
Robiginitalea	5.379557681	4.297114794	7.633587786	4.451038576	1.862197393	0	0	0	0	2.081598668	2.738654147	0	10.06229037	1.09469075	0	0.404694456	0.370919881	0.729660708
Romboutsia	0	0.613873542	1.908396947	3.709198813	1.862197393	0.678426052	1.555209953	0	0.606796117	2.497918401	1.956181534	1.220504475	14.37470053	34.48275862	4.653567735	9.307972481	3.709198813	74.79022255
Roseivivax	1.195457262	0	1.908396947	0	0	0.678426052	0	0	0	14.98751041	10.56338028	6.509357201	16.29132726	1.642036125	0.517063082	0	0	2.918642831
Rubrobacter	0	0	0.477099237	0	0	0	3.110419907	3.829583533	3.033980583	2.081598668	3.912363067	8.136696501	1.916626737	0	1.034126163	0	0	1.459321416
Ruminiclostridium_1	1.195457262	0.613873542	5.72519084	0	0.931098696	1.356852103	1.555209953	1.914791766	0.606796117	17.90174854	6.651017214	15.05288853	7.666506948	4.926108374	4.136504654	0.809388911	4.451038576	1.824151769
Ruminococcaceae_UCG-012	0	0.613873542	0.477099237	0	0	0	1.036806636	0	0	9.159034138	6.259780908	6.509357201	1.916626737	2.1893815	5.687693899	9.307972481	5.192878338	4.377964247
Ruminococcaceae_UCG-013	1.793185894	0	0.954198473	0	2.793296089	0.678426052	6.739243131	2.87218765	1.213592233	0.416319734	0.391236307	0.406834825	0.479156684	0	0	0.809388911	0.741839763	0.729660708
Ruminococcaceae_unclassified	2.390914525	9.208103131	4.770992366	5.934718101	6.517690875	6.105834464	6.739243131	1.436093825	5.461165049	10.40799334	12.51956182	3.2546786	15.81217058	11.49425287	22.75077559	10.11736139	8.160237389	5.472455308
S0134_terrestrial_group_unclassified	9.563658099	10.43585021	25.76335878	178.7833828	67.97020484	44.09769335	19.18092276	41.16802298	51.5776699	3.330557868	1.564945227	7.729861676	2.395783421	0.547345375	1.551189245	0	0.370919881	0
S085_unclassified	589.3604304	492.3265807	301.0496183	106.8249258	21.41527002	255.7666214	332.81493	154.6194351	50.36407767	84.09658618	102.1126761	75.67127746	365.1173934	427.4767378	379.0072389	163.0918656	274.4807122	117.1105436
Saccharibacteria_unclassified	4.184100418	6.752608963	6.202290076	3.709198813	1.862197393	6.105834464	5.184033178	0	4.247572816	24.97918401	37.94992175	27.25793328	23.95783421	16.96770662	145.811789	23.87697289	56.37982196	83.54615104
Saccharopolyspora	8.368200837	46.6543892	53.4351145	0	0.931098696	11.53324288	28.51218248	9.09526089	6.067961165	0.416319734	0	0	0	0	0	0	0	0.364830354
Saccharospirillum	0	0.613873542	0	0	0	0	1.036806636	1.914791766	0	0.832639467	6.259780908	1.6273393	0.958313368	0	0	2.83286119	0.741839763	1.459321416
Salegentibacter	0	0	0	0	0	0	0	0	0	10.40799334	10.17214397	1.220504475	80.49832295	12.58894362	0.517063082	0	0.741839763	1.094491062
Salimesophilobacter	10.16138673	2.455494168	32.44274809	3.709198813	5.586592179	12.21166893	38.88024883	22.02010531	11.52912621	4.579517069	8.215962441	3.661513426	18.207954	58.01860974	9.307135471	6.475111291	2.225519288	7.296607078
Salinibacter	0.597728631	0	0	0	0	0	0	0	0	0.416319734	1.564945227	0.406834825	11.49976042	10.9469075	3.10237849	6.475111291	9.643916914	4.377964247
Salinimicrobium	2.988643156	1.841620626	0	0	0	0	14.5152929	58.40114888	0.606796117	0	0	0	0.479156684	0	0	0	0	0
Salirhabdus	1.195457262	1.227747084	8.110687023	0.741839763	0.931098696	0.678426052	4.66562986	1.436093825	13.34951456	0.832639467	0	0	0	0	0	0	0	0
Sandaracinaceae_unclassified	6.575014943	4.297114794	5.248091603	17.8041543	23.27746741	25.10176391	11.40487299	24.41359502	30.94660194	40.38301415	37.94992175	57.77054516	48.39482511	63.49206349	41.36504654	37.23188992	30.04451039	53.26523167
Sandaracinus	4.184100418	1.227747084	4.770992366	2.96735905	1.862197393	8.141112619	7.257646449	2.87218765	5.461165049	21.64862614	21.12676056	17.9007323	29.70771442	9.852216749	12.40951396	15.78308377	8.160237389	35.75337468
Saprospiraceae_unclassified	22.71368799	22.09944751	3.816793893	13.35311573	3.724394786	1.356852103	7.257646449	2.87218765	0.606796117	261.0324729	311.8153365	288.8527258	96.31049353	108.9217296	68.25232678	153.7838932	225.8902077	342.9405327
SAR202_clade_unclassified	152.420801	165.1319828	59.16030534	11.12759644	27.93296089	50.88195387	57.02436496	37.33843944	24.27184466	26.22814321	10.56338028	15.05288853	25.39530426	61.85002737	25.336091	48.15864023	44.88130564	13.13389274
SAR324_clade(Marine_group_B)_unclassified	25.70233114	26.39656231	56.77480916	68.24925816	94.04096834	20.35278155	40.43545879	16.75442796	16.38349515	13.73855121	3.912363067	4.882017901	1.437470053	1.09469075	8.790072389	10.9267503	12.61127596	4.013133893
SB-5_unclassified	2.988643156	3.683241252	0	40.80118694	133.1471136	23.06648575	1.555209953	5.265677358	6.067961165	14.15487094	12.51956182	21.56224573	5.270723527	3.28407225	12.40951396	2.023472278	2.96735905	6.202116016
SEEP-SRB1	1.793185894	4.910988336	2.385496183	31.15727003	74.48789572	24.42333786	2.073613271	14.83963619	16.99029126	4.163197336	8.607198748	6.102522376	10.54144705	12.58894362	25.85315408	19.42533387	20.77151335	7.296607078
Sh765B-TzT-29_unclassified	59.17513449	16.57458564	102.0992366	256.6765579	29.79515829	241.5196744	101.6070503	49.78458593	42.47572816	207.743547	203.4428795	277.4613507	159.5591759	158.7301587	300.9307135	199.1096722	258.9020772	142.6486684
SHA-109_unclassified	5.379557681	8.594229589	1.908396947	3.709198813	0	0.678426052	2.073613271	0.957395883	0	7.493755204	8.215962441	6.916192026	3.35409679	7.662835249	0	12.54552813	21.884273	19.70083911
SHA-26_unclassified	0.597728631	1.227747084	3.816793893	0	0	3.392130258	1.555209953	3.350885591	3.640776699	0	0	0	0	0	0	0	0	0
Simiduia	3.586371787	2.455494168	4.770992366	0	0	0	0	0	0	0	0	0	0	0	0	0	0	0
SM1A02	6.575014943	4.297114794	7.633587786	3.709198813	0	27.13704206	16.07050285	15.79703207	7.888349515	12.90591174	7.433489828	26.44426363	9.583133685	8.757525999	8.790072389	17.40186159	9.272997033	6.202116016
SM2D12_unclassified	0	0	0	0	0	0	3.110419907	0	0	0	2.738654147	6.102522376	0	0	0	0.809388911	0.741839763	0
SM2F11_unclassified	1.793185894	1.227747084	1.908396947	0	0	0	10.36806636	5.265677358	0	0	0	0	0	0	0	0	0	0
Sneathiella	0	0	0	0	0	0	0	0	0	8.742714405	6.651017214	6.509357201	0.958313368	0	0	2.83286119	2.596439169	12.76906239
Solirubrobacterales_unclassified	0	1.227747084	0	0	0	0	0.518403318	0	0	5.82847627	4.303599374	2.44100895	2.395783421	12.04159825	4.136504654	3.642250101	2.225519288	2.553812477
Sorangium	1.793185894	0	1.43129771	4.451038576	0	2.035278155	0	0.478697942	1.82038835	0	0	0	5.270723527	4.926108374	2.068252327	0	0.370919881	0.364830354
Sphaerobacteraceae_unclassified	6.575014943	0.613873542	59.63740458	33.38278932	202.9795158	223.880597	7.257646449	12.92484442	28.51941748	0.416319734	4.303599374	19.93490643	0	0	0	0	0	0
Sphingobacteriales_unclassified	0.597728631	1.841620626	1.43129771	0.741839763	5.586592179	4.070556309	4.66562986	6.223073241	1.213592233	22.48126561	30.12519562	18.71440195	21.56205079	15.87301587	8.790072389	7.689194658	13.35311573	39.40167822
Sphingomonadales_unclassified	28.09324567	11.6635973	20.99236641	9.643916914	58.65921788	17.63907734	2.592016589	12.44614648	6.674757282	22.89758535	23.0829421	23.59641985	22.04120747	13.136289	18.61427094	5.66572238	9.643916914	13.86355345
Sphingomonas	4.78182905	4.910988336	7.633587786	22.99703264	14.89757914	2.713704206	0	1.436093825	8.495145631	0	0	0.406834825	0	0	1.034126163	0	0	0.364830354
Spirochaeta_2	2.390914525	3.06936771	1.43129771	24.48071217	158.2867784	8.141112619	0.518403318	3.350885591	1.82038835	23.31390508	11.3458529	20.74857608	3.35409679	0.547345375	7.755946225	4.451639013	4.080118694	2.553812477
Spongiibacter	0	0.613873542	0	0	3.724394786	0	0.518403318	6.223073241	24.27184466	0	0	0	0	0	0	0	0	0
Spongiibacteraceae_unclassified	10.16138673	6.752608963	5.248091603	0.741839763	1.862197393	2.035278155	2.592016589	0.478697942	0	1.665278934	1.564945227	1.6273393	13.89554384	0	1.034126163	5.261027924	10.38575668	2.188982123
Sporacetigenium	0	0	0.954198473	17.8041543	0.931098696	0.678426052	2.073613271	0.478697942	0.606796117	0	0.391236307	0	1.437470053	6.568144499	2.068252327	0	0	0
Sporobacter	2.988643156	0.613873542	0.477099237	3.709198813	2.793296089	2.035278155	0.518403318	1.914791766	0	6.244796003	3.129890454	4.882017901	2.874940105	0.547345375	3.619441572	2.83286119	0.370919881	4.377964247
Sporosalibacterium	0.597728631	0	8.58778626	0	0.931098696	0.678426052	45.10108865	11.96744854	0.606796117	39.55037469	44.99217527	52.48169243	8.624820316	6.568144499	10.85832472	7.284500202	5.934718101	8.391098139
SPOTSOCT00m83_unclassified	3.586371787	4.910988336	8.58778626	17.8041543	16.75977654	2.035278155	6.220839813	2.87218765	4.247572816	7.07743547	5.086071987	2.847843775	0.958313368	0	2.068252327	9.307972481	4.080118694	2.553812477
SR-FBR-L83_unclassified	0	0	0	4.451038576	20.48417132	4.070556309	0	0	0	0	0	0	0	0	0	0	0	0
SRB2_unclassified	2.988643156	0	1.43129771	0	0	1.356852103	5.184033178	1.914791766	0.606796117	0	0	0	0	0.547345375	0	0	0	0
ss1-B-07-44_unclassified	0	0	0	0	0	0	0	0	0	8.742714405	13.30203443	26.85109845	8.145663632	4.926108374	5.687693899	8.498583569	2.596439169	4.377964247
Steroidobacter	8.965929468	4.297114794	13.35877863	5.934718101	0	0.678426052	0.518403318	0.478697942	3.033980583	0.416319734	0	0	0	0	0	0	0.370919881	0
Streptomyces	38.2546324	10.43585021	72.99618321	14.83679525	6.517690875	40.70556309	17.10730949	9.09526089	12.74271845	1.665278934	0.782472613	1.220504475	295.1605175	21.893815	133.4022751	7.284500202	62.68545994	3.648303539
Streptomycetaceae_unclassified	83.68200837	57.70411295	146.4694656	15.57863501	5.586592179	50.20352782	121.8247797	29.67927238	38.22815534	2.914238135	6.259780908	7.729861676	4.312410158	36.67214012	6.20475698	1.214083367	0.741839763	4.742794601
Streptosporangiaceae_unclassified	11.35684399	1.227747084	282.4427481	1.483679525	1.862197393	10.85481682	2.592016589	11.01005266	2.427184466	0	0	0	0	0	0	0	0	0
Subgroup_10_unclassified	3.586371787	1.841620626	2.385496183	2.225519288	7.448789572	2.713704206	5.184033178	28.24317855	40.04854369	29.97502082	12.12832551	21.96908055	10.54144705	6.020799124	32.57497415	25.09105625	18.17507418	20.43049982
Subgroup_12_unclassified	0.597728631	0	1.908396947	19.28783383	7.448789572	6.105834464	0	4.308281474	2.427184466	0	0	0	0	0	0	0	0	0
Subgroup_13_unclassified	0	0	0	14.09495549	0.931098696	33.24287653	0	0	0	0	3.129890454	2.034174125	0.958313368	0	0.517063082	3.237555645	3.338278932	0
Subgroup_17_unclassified	15.54094441	12.89134438	11.45038168	5.934718101	3.724394786	13.56852103	30.58579575	2.87218765	0.606796117	19.98334721	21.12676056	15.86655818	74.74844274	59.11330049	108.5832472	16.59247268	21.884273	17.87668734
Subgroup_18_unclassified	8.368200837	4.297114794	11.45038168	83.08605341	273.7430168	98.37177748	12.44167963	88.08042125	54.00485437	22.48126561	12.91079812	13.0187144	6.708193579	6.020799124	14.47776629	14.16430595	17.8041543	8.026267785
Subgroup_22_unclassified	2.988643156	3.683241252	3.339694656	0.741839763	0	2.713704206	6.739243131	8.137865007	7.281553398	1.248959201	3.912363067	2.034174125	6.708193579	14.23097975	5.687693899	9.712666936	15.57863501	5.837285662
Subgroup_23_unclassified	0	1.841620626	0	4.451038576	23.27746741	2.713704206	0	0	0	9.159034138	19.17057903	10.98454028	7.666506948	2.736726875	15.51189245	17.40186159	15.20771513	21.52499088
Subgroup_26_unclassified	5.379557681	1.227747084	6.679389313	0	1.862197393	6.105834464	9.849663038	2.393489708	1.82038835	7.910074938	21.51799687	13.42554923	20.60373742	23.53585112	11.89245088	19.02063942	23.36795252	17.14702663
Subgroup_3_unclassified	25.10460251	13.50521793	14.3129771	13.35311573	1.862197393	7.462686567	8.812856402	22.49880326	29.73300971	17.90174854	11.7370892	7.729861676	5.749880211	5.473453749	10.85832472	6.879805747	7.418397626	6.56694637
Subgroup_6_unclassified	16.13867304	15.34683855	8.58778626	0	0.931098696	2.035278155	6.739243131	4.786979416	1.82038835	6.244796003	8.215962441	10.57770545	20.12458074	32.29337712	14.47776629	8.093889114	15.9495549	8.391098139
Subgroup_7_unclassified	41.24327555	28.23818293	56.77480916	1.483679525	0	8.81953867	13.47848626	37.33843944	100.1213592	0	0	0	0	0	0	0	0	0
Sulfuricurvum	0.597728631	24.55494168	0	20.02967359	0	0	0	2.393489708	12.74271845	0	0	0	0	0	0	0	0	0
Sulfurimonas	0	1.227747084	0	10.38575668	30.72625698	4.070556309	0	0	0	0	0	0	0	0	0	0	0	0
Sulfurovum	0	9.821976673	0	0	0	0	0	0	0	7.493755204	5.086071987	22.37591538	2.395783421	0	0	1.618777823	0	1.459321416
Sunxiuqinia	10.75911536	1.841620626	7.633587786	28.93175074	43.76163873	29.17232022	0.518403318	17.2331259	14.5631068	0.416319734	0.391236307	0	0	0	0	0	0.370919881	0
Sva0071_unclassified	47.22056186	27.01043585	54.38931298	172.8486647	27.0018622	10.17639077	94.86780715	28.24317855	5.461165049	216.0699417	328.6384977	224.9796583	273.5984667	417.0771757	405.8945191	313.2335087	286.7210682	391.0981394
Sva0081_sediment_group	1.195457262	20.87170043	1.908396947	52.67062315	12.10428305	27.81546811	5.702436496	10.53135472	11.52912621	47.46044963	65.72769953	58.17737998	186.8711069	154.3513957	400.7238883	105.2205585	186.2017804	63.11565122
Sva0485_unclassified	0	0.613873542	0	10.38575668	6.517690875	6.784260516	1.555209953	0.957395883	1.213592233	5.82847627	3.129890454	4.475183076	0.479156684	0.547345375	1.034126163	0.404694456	2.225519288	0
Sva0725_unclassified	0	0	0	0	0	0	0	0	0	0	0	0	8.624820316	2.736726875	5.170630817	1.618777823	1.483679525	0.729660708
Sva0996_marine_group_unclassified	22.11595935	9.208103131	19.08396947	8.902077151	3.724394786	6.105834464	20.21772939	15.79703207	3.033980583	19.56702748	36.38497653	16.68022783	125.5390513	156.5407772	98.7590486	66.77458519	75.29673591	91.93724918
Synechococcus	22.11595935	15.96071209	12.40458015	5.192878338	12.10428305	10.85481682	3.110419907	10.05265677	1.213592233	0	3.521126761	0.406834825	0.479156684	0.547345375	0	0	0	0
Syntrophobacteraceae_unclassified	13.74775852	25.78268877	14.3129771	89.76261128	310.9869646	51.56037992	21.77293935	38.77453327	29.12621359	23.73022481	8.215962441	17.49389748	7.666506948	3.831417625	41.88210962	31.16147309	47.10682493	14.59321416
T9d_unclassified	0	3.06936771	0	0	0	0	0	0.957395883	0.606796117	20.39966694	7.433489828	3.661513426	1.916626737	0.547345375	0	3.237555645	1.112759644	2.188982123
TA06_unclassified	0	0	0	0	0	0	0	0	0	6.661115737	4.303599374	4.475183076	0	0	0.517063082	0.809388911	3.709198813	0.364830354
TA18_unclassified	0.597728631	0	0.477099237	0	0	0	0	0	0	4.163197336	5.086071987	6.102522376	1.437470053	1.642036125	0.517063082	0	0.370919881	0.729660708
Tamlana	1.793185894	0	0.477099237	0	0	0	0	0.957395883	0	4.163197336	3.129890454	4.068348251	0.479156684	0	1.551189245	1.214083367	0.370919881	1.824151769
Tenacibaculum	0.597728631	0	0	0	0	0	3.628823224	0.957395883	0	0	0	0	47.43651174	2.1893815	0	0	0	0
Tepidamorphus	2.390914525	0	0	0	0	1.356852103	1.036806636	0	0	2.497918401	1.17370892	1.220504475	4.312410158	0	2.068252327	0	0.370919881	1.094491062
Tepidibacter	0	0	0	0	0	0	0	0.478697942	0	0	0.391236307	1.220504475	15.3330139	1.09469075	3.10237849	2.83286119	0	1.459321416
Tessaracoccus	1.195457262	0	0.954198473	0	0	0.678426052	0	0	0	0	0	0.406834825	2.874940105	0	0.517063082	2.428166734	0.370919881	2.918642831
Thalassobacillus	0.597728631	0	0	1.483679525	4.655493482	2.035278155	0.518403318	2.393489708	6.674757282	0.416319734	0	1.6273393	8.145663632	6.020799124	7.238883144	1.618777823	0.370919881	1.094491062
Thalassobaculum	5.379557681	6.752608963	4.29389313	70.47477745	0	2.035278155	0.518403318	0.478697942	0.606796117	0	0	0	0	0	0	0	0	0
Thalassospira	12.55230126	6.138735421	9.064885496	2.225519288	13.96648045	4.070556309	0	8.137865007	19.41747573	3.746877602	0.782472613	0.406834825	0	0	0.517063082	0.404694456	0	0
Thermincola	6.575014943	1.841620626	9.541984733	14.09495549	43.76163873	19.6743555	2.073613271	5.744375299	7.888349515	0.832639467	0.391236307	0	0	0	1.551189245	0.404694456	0	0.364830354
Thermoactinomycetaceae_unclassified	0	0	0	0	0	0	0	0	0	0.416319734	1.564945227	0.406834825	3.35409679	7.662835249	3.10237849	2.83286119	2.225519288	2.553812477
Thermodesulfovibrio	0	0	0	45.99406528	486.0335196	10.17639077	0	0.957395883	0	0	0	0	0	0	0	0	0	0
Thermoleophilia_unclassified	0	0	0	0	0	0	0	0	0	0	1.956181534	2.44100895	3.35409679	0	43.95036194	0	0	0
Thermomicrobia_unclassified	148.2367005	71.82320442	239.5038168	948.8130564	17.69087523	433.5142469	534.992224	255.6247008	433.8592233	94.50457952	93.50547731	171.2774614	33.5409679	48.71373837	22.75077559	30.35208418	25.59347181	61.65632981
Thermomonosporaceae_unclassified	7.172743574	4.910988336	4.770992366	3.709198813	20.48417132	6.105834464	6.220839813	0	4.247572816	0	0	0	0.479156684	0	1.551189245	1.214083367	12.24035608	5.837285662
Thioalkalispira	41.84100418	233.8858195	4.770992366	363.5014837	63.31471136	115.3324288	3.628823224	6.701771182	26.69902913	59.95004163	35.21126761	72.00976404	0.958313368	2.1893815	4.136504654	28.73330635	17.8041543	8.026267785
Thioclava	41.24327555	23.94106814	30.53435115	24.48071217	6.517690875	14.24694708	4.66562986	9.573958832	3.033980583	0	0	0	1.437470053	0	0	0.404694456	0.370919881	4.377964247
Thiogranum	14.34548715	258.4407612	4.770992366	45.99406528	1.862197393	31.88602442	10.36806636	84.72953566	47.9368932	9.575353872	5.477308294	10.17087063	3.35409679	16.42036125	15.51189245	39.2553622	15.57863501	9.120758847
Thiohalobacter	0	4.910988336	0.954198473	22.25519288	162.0111732	16.28222524	0	5.744375299	19.41747573	7.910074938	1.956181534	2.44100895	0.479156684	0	0.517063082	8.903278025	2.596439169	2.188982123
Thiohalomonas	3.586371787	4.910988336	0.954198473	13.35311573	238.3612663	23.06648575	0.518403318	24.89229296	44.2961165	3.746877602	0	0.81366965	0	0	0	0	0	0
Thiohalophilus	1.195457262	12.89134438	0.954198473	0	0	2.035278155	0.518403318	1.436093825	0	19.98334721	8.607198748	19.93490643	1.437470053	0	11.3753878	26.30513962	1.854599407	4.377964247
Thiohalorhabdus	0	0	0	0	0	0	0.518403318	0	0	1.665278934	2.34741784	3.2546786	0	0	0	0	0	0.364830354
Tistlia	3.586371787	1.227747084	1.908396947	37.09198813	31.65735568	9.497964722	1.555209953	9.09526089	9.708737864	37.88509575	40.29733959	25.22375915	8.145663632	0.547345375	1.034126163	43.30230676	29.30267062	31.74024079
TK10_unclassified	209.8027496	60.77348066	244.2748092	713.6498516	20.48417132	606.5128901	159.1498186	100.0478698	77.66990291	129.4754371	105.6338028	91.13100081	40.72831816	29.55665025	16.54601861	65.96519628	56.75074184	64.57497264
TK34_unclassified	118.9479976	30.07980356	214.2175573	298.2195846	79.1433892	148.5753053	312.0787973	23.93489708	9.101941748	18.73438801	14.08450704	24.00325468	0	0	0	0	0	0
TM6_unclassified	0	0	0	0	0.931098696	0	0	2.87218765	0.606796117	3.746877602	4.694835681	2.44100895	7.666506948	12.04159825	12.40951396	3.642250101	7.789317507	7.296607078
TRA3-20_unclassified	5.977286312	4.297114794	11.92748092	4.451038576	3.724394786	5.427408412	3.628823224	16.75442796	16.99029126	0	0	0	0	0	0	0	0	0
Tranquillimonas	2.390914525	6.752608963	0.477099237	0	0.931098696	0	1.555209953	4.786979416	6.674757282	0	0	0	0	0	0	0.404694456	0	0
Truepera	2.390914525	2.455494168	5.248091603	5.934718101	364.0595903	16.28222524	0	10.53135472	2.427184466	24.14654455	11.3458529	17.9007323	8.145663632	0.547345375	0	2.428166734	1.112759644	2.918642831
Tumebacillus	0	0	0	0	0	0	5.702436496	1.914791766	1.213592233	0	1.17370892	0.406834825	6.708193579	20.79912425	4.136504654	4.046944557	0.370919881	5.107624954
Unknown_Family_unclassified	197.2504483	38.67403315	12.88167939	10.38575668	1.862197393	8.81953867	39.91705547	93.82479655	160.1941748	203.9966694	161.971831	115.1342555	192.6209871	168.5823755	28.43846949	87.81869688	89.39169139	89.74826706
Urania-1B-19_marine_sediment_group	35.26598924	16.57458564	11.45038168	3.709198813	0.931098696	33.24287653	20.73613271	11.01005266	9.101941748	34.97085762	33.64632238	38.24247356	63.727839	79.36507937	81.17890383	73.65439093	82.34421365	20.79533017
vadinBA26_unclassified	28.6909743	7.366482505	17.65267176	20.77151335	67.97020484	40.70556309	12.44167963	27.76448061	33.37378641	13.32223147	5.086071987	5.288852726	11.97891711	2.736726875	8.790072389	8.498583569	8.160237389	11.30974097
vadinHA49_unclassified	0	0	0	0	0	0	0	0	0	4.163197336	4.694835681	1.6273393	2.874940105	6.020799124	8.273009307	17.80655605	10.75667656	3.283473185
Vallitalea	2.988643156	0	5.72519084	0	0	1.356852103	1.036806636	2.393489708	0.606796117	2.081598668	1.17370892	1.6273393	3.833253474	0.547345375	1.034126163	5.66572238	8.53115727	6.202116016
Vampirovibrionales_unclassified	0	1.841620626	0	0	0	0.678426052	0	0.957395883	2.427184466	0	0.782472613	0	4.312410158	6.568144499	6.721820062	2.023472278	3.709198813	1.459321416
VHS-B4-70_unclassified	0.597728631	9.208103131	0	6.676557864	37.24394786	1.356852103	2.592016589	2.87218765	0	3.330557868	0	2.034174125	1.437470053	0	1.034126163	0	0	0
Vibrio	72.92289301	12.27747084	24.80916031	1.483679525	4.655493482	33.92130258	0.518403318	2.393489708	1.82038835	4.163197336	3.129890454	16.273393	1.437470053	4.926108374	0	0.404694456	0	2.553812477
Vulgatibacter	0	2.455494168	0	0	0	0	0	1.914791766	3.640776699	0	0.391236307	0	6.708193579	8.210180624	1.034126163	0.809388911	0.741839763	2.188982123
WCHB1-69_unclassified	0	0	0	0	0	0	0	0	0	2.497918401	3.129890454	2.034174125	0	0	0	0.809388911	0	0.364830354
WD2101_soil_group_unclassified	13.74775852	6.138735421	27.19465649	71.95845697	110.8007449	43.4192673	32.1410057	59.35854476	99.51456311	0	0	0	0	0	0	0	0	0
Xanthomonadaceae_unclassified	1.793185894	0	0.954198473	11.8694362	2.793296089	10.85481682	0	0	0	0	0	0	0	0	0	0	0	0
Zhouia	3.586371787	0	0	0	0	0	0	0	1.213592233	0.416319734	1.17370892	5.288852726	22.99952084	0	0	2.428166734	0	0.729660708
