ID	Sample	Alphaproteobacteria	Deltaproteobacteria	Acidimicrobiia	Gammaproteobacteria	Cytophagia	Gemmatimonadetes	Anaerolineae	Caldilineae	Actinobacteria	Bacilli	Clostridia	Nitrospira	Nitriliruptoria	Ardenticatenia	Thermomicrobia	S085	Planctomycetacia	Sphingobacteriia	Acidobacteria	Flavobacteriia	TK10	Ignavibacteria	Others
1	VC	0.116104092259986	0.0679261286006403	0.109428745656518	0.0639327361075314	0.0631271133411711	0.0544158501711011	0.0308874547184574	0.0295742315638516	0.0235127283143658	0.00789535101139581	0.0174601825089317	0.0420045732146993	0.024439122843153	0.037886100450003	0.00919723907319212	0.0315690774344748	0.0114642278379415	0.00345829888359375	0.00547501533679912	0.0110296859261962	0.0112391014962905	0.00164050277713528	0.226332440472571
4	VC	0.1408408481417	0.101208010865549	0.10088997435743	0.113074047623281	0.0505054702976646	0.0367277437314984	0.0259867757468061	0.0167718213664514	0.0435204364700785	0.0106977035356261	0.0172997979229199	0.0391575703510984	0.0335470222576645	0.0200493775810423	0.0193520825337033	0.0314039178424315	0.0146504090090039	0.00328933902070233	0.00414046269369353	0.00563473724352439	0.00388715667352479	0.000876000483142148	0.166489294251464
8	VC	0.122223320908453	0.0653430374252106	0.0665817671529272	0.0422186384607956	0.047935208820743	0.033557591453575	0.0576964540858309	0.0730036503028475	0.0552776197372731	0.0291102630436015	0.0400767412001467	0.0205940355436324	0.0362132202637616	0.0312459181635762	0.022388483799473	0.0195963201504507	0.0129472795390614	0.00116035206813308	0.00558606588533867	0.00707607675155181	0.0159019351917791	0.00138127784076075	0.192884742211078
10	VC	0.155612132498483	0.143019809116448	0.0137544458516836	0.1240481596692	0.0375914916563439	0.0620359070145623	0.0601194510897289	0.0205920931355886	0.0254794626826047	0.00688383379266586	0.00694704390779353	0.0640145697970911	0.00303914723206946	0.02038220666614	0.0521797466883873	0.00559286745409594	0.00919049152083263	0.00200119470521228	0.0235735012728213	0.00213606270464244	0.0372159348768918	0.0194121284969394	0.105178318169773
13	VC	0.113930669887353	0.173759805381824	0.00672111430102676	0.12744348703694	0.100790965240426	0.0412361239557202	0.0887153999054081	0.00742672595578396	0.00700144457088204	0.00986489352470113	0.0166427060742732	0.0372563517456215	0.00569325999459183	0.0248327466426447	0.0105257850951431	0.00103598884216176	0.00189432083743996	0.00109298857031184	0.0490596450759197	0.00132652871532434	0.000991865777428386	0.0278466403432285	0.144910542525846
16	VC	0.116547047037298	0.152359429685842	0.0528241446572021	0.0592345722992507	0.0239540748975198	0.0354990267555456	0.10444340855536	0.03210786707746	0.0608041938314893	0.00892949364283054	0.0145248585928778	0.0634683675296568	0.00844010756952504	0.0232367610841874	0.0313231558478671	0.0121337362001381	0.00838099241883218	0.00129416761702401	0.0168547397402069	0.00136668026003319	0.0287355767832366	0.00841974428184389	0.135117853634773
17	VC	0.0987902162716706	0.0754842323445462	0.0836125322616563	0.0343655772889996	0.0594755902461959	0.0585423143860723	0.0527235944157922	0.0739912279072095	0.0627559584464696	0.0293665485532662	0.035234887569473	0.0189415297837855	0.0600324937251421	0.019435242639392	0.0364980540294146	0.0167894182680598	0.0141244280495793	0.00114305506811398	0.00538971319348314	0.00386216606299273	0.00802736140776703	0.00069951713259739	0.150714340948321
18	VC	0.0760464149619057	0.0835611945576917	0.0380773849514031	0.0648549101671005	0.163417078986675	0.059206372388578	0.0599633893643614	0.0762515269153988	0.0191987144415551	0.0230992898429377	0.0251658022306275	0.0139268308662381	0.0301547161279496	0.0408583610806692	0.0276633429053063	0.0101766057974042	0.0111672665510065	0.00123934348396667	0.0108852091524518	0.0121927619522266	0.00659160417377612	0.00798042989889619	0.138321449201875
19	VC	0.0734086317095241	0.115628376920231	0.0222293209579653	0.0640139657441032	0.148542358216004	0.0572997880746658	0.0671785179691191	0.0895477717134901	0.0247337288990757	0.0270533691460939	0.0203078982574185	0.0150903576562643	0.023604770773307	0.05181159446073	0.0345988951151698	0.00286469784572348	0.00898341571027181	0.000453097857334883	0.00774006459627845	0.0025328928788513	0.00438546083230992	0.00510255782525067	0.132888466840818
20	PC	0.169214974582441	0.124336884882828	0.0750714693641984	0.150189966667466	0.0943155231730922	0.041420630613873	0.0250132690041035	0.0288041826544179	0.0091009033049488	0.0101022815396974	0.0254653913145627	0.0024640767765511	0.00921809845417877	0.00756854209815569	0.00885644238841824	0.00707155900925412	0.0110469204858771	0.0321325817129699	0.0064716378287497	0.0161058775094023	0.0108184278413818	0.00123467485153938	0.133975683941894
21	PC	0.156787659248781	0.11883312628651	0.105759288350048	0.149511390960855	0.0799866305606871	0.0400719937485975	0.0198277261185333	0.0312301948977038	0.010846147263859	0.0105564616332078	0.0267769264142414	0.00455593557291321	0.0118019413414493	0.00434522659737691	0.00974389274537408	0.00888435408500179	0.0135042558537336	0.0385509681181706	0.00608766858247821	0.0149668395455811	0.00918463836595995	0.00117819278683047	0.127008540922107
22	PC	0.151052759477509	0.13958452958882	0.0700252840940206	0.136865192770546	0.0693880857689643	0.0636322577578951	0.0245144942400981	0.023296592181171	0.0175750281710201	0.00776825328898537	0.0226496802941652	0.00292513832838835	0.00979083995298678	0.00458472465161086	0.0187457516058304	0.00724491605520812	0.0116130833299301	0.0406437946844966	0.00575523761285441	0.0233606352219923	0.00866896493473438	0.00214453935556321	0.13817021663321
23	PC	0.192484311458323	0.0795837521446889	0.229839103069354	0.0767585042627113	0.0586830401063928	0.0189639190673148	0.0049716114185855	0.0168259811180086	0.0346147961935808	0.0405630830530194	0.0197842411858637	0.00291232593642896	0.0238004692486679	0.00211880567332838	0.0032395398665678	0.023772944223636	0.0269784523799925	0.0120901030562515	0.00804301162831158	0.0313202624387553	0.00265621124458008	0.00188038400800511	0.0881151472176327
24	PC	0.173116063014965	0.0964458531986046	0.2549061001769	0.0670586533854896	0.0324631338282947	0.0193050609428892	0.00239738355040333	0.0185755859240763	0.0200353432858492	0.0976041501586055	0.0288916122037831	0.00124426398471666	0.0149047299858471	0.00109571816110025	0.00411741461091012	0.0255740929784077	0.0291822983975871	0.010747296039669	0.00740487762363668	0.00549667074658262	0.00177930233087423	0.00197206031073623	0.0856823351600711
25	PC	0.216387887399486	0.138222893385608	0.18869538347764	0.110421978202265	0.0279689896251118	0.0246234615338805	0.00585964179265083	0.00965070972689665	0.0210043642822225	0.0294939318036448	0.0214844826607887	0.00998594389723199	0.0121366088421802	0.0056742710375693	0.00187751896729169	0.0241548501260707	0.0228427572352839	0.0103538645307931	0.0112422014485966	0.00151814423512398	0.00112322810247621	0.00129390649882439	0.103982981188363
26	PC	0.153972012718752	0.124287566395465	0.135925112408672	0.152268136173337	0.0542488161624426	0.0349094753040845	0.0129184764834123	0.0286613043642258	0.0126596508896574	0.0262967730334586	0.0202810050680496	0.0106910417450346	0.00937591462550674	0.0123964154119797	0.00375476045565743	0.0151561103465003	0.0164436436491062	0.0228382257810504	0.00695624878530434	0.00839020090623751	0.00614396122419782	0.000687975019101234	0.130737173048767
27	PC	0.164606400146786	0.120386196910858	0.137960157051876	0.116675310620461	0.0574816377107212	0.0357874279148433	0.00864247915563955	0.026252906586653	0.0129508521875666	0.0216663093292674	0.0150559136235028	0.0100042107799518	0.0128277943159729	0.0192025669704443	0.00319719901465022	0.0238757941124557	0.0170502627505909	0.0308253533320596	0.00840035665945711	0.00817225851873619	0.00494845064718735	0.000629059178763056	0.143401102481556
28	PC	0.143285468004683	0.0985242890671877	0.169576889268529	0.110663352594716	0.0652836823309002	0.0259333330061952	0.00724368669251374	0.0466890710549541	0.018879676695019	0.0487892248967094	0.0261295100489828	0.00195729056360256	0.0250690899051391	0.00461757251441769	0.00720465787919821	0.00961117239054517	0.0185164730320633	0.0384518978236799	0.00495111517740781	0.0144007569353422	0.00530238518485428	0.000405772367321183	0.108513632566038
